8705 14.797277
8710 18.609195
8711 17.171067
8713 15.187470
8717 16.997408
8718 17.577202
8721 17.362430
8723 17.737769
8725 17.503364
8731 19.928506
8732 17.909512
8737 19.385245
8738 16.323699
8739 16.303739
8740 17.052479
8741 19.086018
8744 16.747088
8746 17.309835
8751 25.850230
8755 27.401952
8757 23.395917
8760 23.580039
8761 23.268327
8763 22.460238
8765 21.564214
8768 26.059481
8769 24.229575
8771 28.893905
8778 23.442880
8780 22.088464
8781 22.468439
8784 18.845923
8787 17.691483
8788 20.520187
8789 27.564346
8795 22.753776
8798 21.262176
8801 24.383553
8802 17.828490
8803 17.447059
8805 19.962570
8807 19.112922
8808 22.308046
8809 21.474204
8810 20.613775
8811 18.899126
8811 19.194549
8813 17.151555
8817 20.002750
8829 25.019155
8830 22.618677
8833 21.940651
8850 7.860554
8851 8.304441
8856 8.625197
8860 8.074080
8861 10.140767
8864 7.977305
8866 8.579134
8868 8.088365
8874 11.794365
8875 8.280931
8876 9.654024
8877 10.802636
8879 9.995440
8884 8.740781
8886 9.861143
8888 9.292223
8890 8.448622
8892 9.328467
8894 9.056433
8899 9.494028
8900 8.372799
8901 5.113340
9198 19.927514
9199 19.546521
9200 21.006748
9201 21.386372
9205 20.662758
9211 19.205608
9213 21.114029
9216 20.366599
9358 17.343108
9367 19.123201
9369 18.375316
9370 20.967291
9372 21.797178
9373 23.044019
9379 20.677979
9381 19.055029
9384 20.751821
9397 20.008504
9403 22.290021
9440 15.355774
9442 6324.110672
9443 16.230143
9445 20.985441
9448 19.075627
9454 19.471985
9458 20.022943
9461 18.307963
9462 17.867978
9466 17.195734
9468 16.082180
9472 16.941257
9473 17.463245
9476 18.436011
9482 16.139607
9483 17.973287
9486 21.779178
9493 17.350694
9495 19.688431
9496 18.479662
9499 16.915226
9501 18.954426
9503 16.036028
9505 17.501194
9506 23.764729
9508 17.088175
9509 18.384606
9510 19.016679
9511 19.262952
9517 23.431894
9519 20.210782
9521 22.747306
9524 14.485362
9526 16.915703
9527 22.303382
9531 20.906925
9534 17.170882
9535 22.865309
9536 16.730568
9538 16.871112
9540 26.646238
9553 29.629996
9566 16.228113
9566 15.939695
9569 18.204781
9569 17.837249
9584 14.750124
9584 14.770691
9585 17.537918
9587 18.901895
9589 17.777205
9590 16.174765
9599 18.835178
9602 18.521109
9605 16.463615
9606 17.269590
9607 18.903962
9614 16.103327
9619 15.501865
9635 16.707797
9637 16.322996
9647 16.743149
9648 21.250497
9652 16.842031
9657 15.279526
9662 19.679134
9665 17.799457
9666 16.175280
9671 21.915036
