8705 13.984180
8710 18.093612
8711 16.885831
8713 13.105945
8717 16.844588
8718 15.939271
8721 17.242494
8723 16.452104
8725 17.363184
8731 18.353465
8732 13.897092
8737 18.119224
8738 15.754389
8739 16.142050
8740 20.622277
8741 21.443410
8744 22.683774
8746 21.730568
8751 26.852396
8755 30.637842
8757 24.996094
8760 26.185722
8761 23.070712
8763 26.210602
8765 23.608222
8768 26.599724
8769 21.701978
8771 28.606165
8778 27.028853
8780 25.786488
8781 32.635079
8784 27.103025
8787 24.204284
8788 24.547407
8789 25.526891
8795 26.047178
8798 29.234424
8801 29.686804
8802 22.608450
8803 26.143791
8805 26.321850
8807 27.411811
8808 29.701132
8809 24.480928
8810 28.208745
8811 25.411346
8811 25.320863
8813 22.668669
8817 24.682978
8829 30.158521
8830 25.131548
8833 25.468379
8850 14.970200
8851 16.345211
8856 16.920474
8860 16.108247
8861 22.918039
8864 16.224219
8866 16.403695
8868 17.326894
8874 24.056895
8875 15.723734
8876 21.621329
8877 23.654642
8879 9.300595
8884 15.790149
8886 21.405255
8888 17.806268
8890 6.750229
8892 17.127320
8894 17.703619
8899 21.351838
8900 15.492767
8901 17.228569
9198 13.478451
9199 12.974376
9200 14.619482
9201 17.478698
9205 15.590743
9211 11.756839
9213 13.766401
9216 14.561207
9358 18.572186
9367 19.834547
9369 18.058351
9370 22.471910
9372 22.829530
9373 24.372287
9379 17.434892
9381 20.359170
9384 23.318743
9397 21.971684
9403 23.044904
9440 15.390386
9442 16.754687
9443 16.462204
9445 20.996825
9448 20.873377
9454 19.173617
9458 19.040366
9461 23.083693
9462 22.193042
9466 23.284129
9468 19.462983
9472 21.232361
9473 22.661927
9476 24.543266
9482 22.013704
9483 21.706394
9486 21.562180
9493 26.403076
9495 24.540254
9496 24.355838
9499 22.871628
9501 31.385063
9503 25.986260
9505 24.012486
9506 32.017503
9508 21.426945
9509 25.483117
9510 22.849309
9511 24.187452
9517 35.770177
9519 22.415766
9521 21.612276
9524 16.615781
9526 24.163709
9527 29.539552
9531 22.394118
9534 21.255208
9535 30.668575
9536 27.458540
9538 19.845699
9540 29.189800
9553 37.113498
9566 17.239707
9566 16.397877
9569 24.564492
9569 24.647834
9584 16.917194
9584 16.925995
9585 20.065304
9587 23.047322
9589 19.023803
9590 20.817658
9599 23.217407
9602 22.303323
9605 20.338926
9606 21.902546
9607 21.185201
9614 21.493326
9619 21.079397
9635 20.711901
9637 18.799946
9647 19.735332
9648 19.679923
9652 18.470470
9657 18.436500
9662 21.490657
9665 20.480977
9666 19.181814
9671 23.229864
