5005	13.623940
5006	13.384160
5007	12.844380
5008	12.008050
5009	11.317570
5010	11.173010
5011	11.464390
5012	11.850050
5013	12.225250
5014	12.632760
5015	12.979370
5017	13.137200
5018	13.159850
5019	13.185910
5020	13.279650
5021	13.419040
5022	13.527880
5023	13.535560
5025	13.498020
5026	13.558100
5027	13.688420
5028	13.675250
5029	13.413480
5030	13.035910
5031	12.725770
5033	12.604470
5034	12.771440
5036	13.189930
5037	13.617790
5038	13.838870
5040	13.910430
5041	13.993650
5042	14.094120
5043	14.178500
5044	14.311150
5046	14.458360
5047	14.394780
5048	14.035000
5052	13.641380
5053	13.437910
5054	13.229030
5055	12.807580
5056	12.423340
5057	12.419560
5058	12.584240
5059	12.389760
5062	11.816090
5063	11.435060
5064	11.585430
5065	11.951230
5066	12.048250
5067	11.823580
5069	11.609070
5070	11.651150
5071	11.808940
5072	11.767660
5073	11.499070
5074	11.354870
5075	11.591340
5077	12.005860
5078	12.243790
5079	12.218350
5080	12.030220
5081	11.717730
5083	11.345880
5086	11.102310
5088	11.083160
5089	11.189530
5090	11.344910
5091	11.550120
5092	11.701980
5093	11.685200
5097	11.633160
5098	11.802080
5100	12.170280
5101	12.523490
5102	12.749000
5103	12.819060
5105	12.635360
5106	12.208490
5107	11.822200
5108	11.775230
5109	12.029100
5110	12.272790
5111	12.274180
5112	12.139470
5113	12.248470
5114	12.796690
5116	13.386270
5117	13.396630
5118	12.804630
5120	12.245510
5132	12.174510
5134	12.529190
5141	13.023150
5143	13.447840
5145	13.475100
5147	13.031270
5148	12.658790
5149	12.877380
5150	13.405120
5152	13.656570
5153	13.661280
5154	13.762420
5157	13.864590
5158	13.710440
5159	13.459330
5160	13.395250
5161	13.411370
5162	13.283440
5163	13.074970
5164	12.967230
5165	13.043490
5166	13.331930
5167	13.688840
5168	13.744920
5169	13.392870
5170	13.084600
5171	13.177490
5172	13.354910
5173	13.253700
5174	13.222580
5177	13.734970
5178	14.428890
5180	14.481810
5181	13.752710
5182	12.789960
5183	12.049120
5184	11.796220
5185	12.377660
5186	13.744270
5187	15.073320
5189	15.586400
5193	15.282590
5194	14.411210
5195	13.079040
5196	11.842870
5199	11.403770
5200	11.414940
5201	10.990270
5202	10.376080
5203	10.226260
5204	9.872090
5205	9.023950
5206	10.377470
5207	16.920490
5209	26.956940
5210	35.314130
5211	39.059100
5212	38.759850
5213	35.238410
5214	29.203130
5215	23.407910
5216	20.994590
5217	21.586540
5218	22.137350
5219	21.388470
5220	20.655320
5222	20.556750
5223	19.889740
5224	18.076920
5225	16.417930
5227	15.974730
5228	15.747260
5230	14.131740
5232	11.441910
5233	9.600340
5234	9.487180
5235	9.969940
5237	9.864400
5240	9.515500
5241	9.711510
5242	10.182960
5243	10.172840
5244	9.674440
5245	9.273120
5246	9.320770
5248	9.821370
5249	10.566890
5251	11.012790
5252	10.721070
5253	10.135790
5254	10.180150
5255	10.887660
5256	11.334410
5257	11.085530
5258	10.721410
5260	10.807590
5265	11.410510
5274	12.640500
5279	14.464330
5281	16.008580
5282	16.399000
5283	16.022580
5284	15.665420
5295	14.998960
5296	13.579830
5297	12.374420
5298	12.692280
5300	14.060690
5302	14.895950
5303	14.683670
5306	14.302050
5308	14.889490
5309	16.974890
5311	19.761620
5315	21.092020
5316	19.482550
5317	16.151010
5319	13.712070
5321	13.170130
5322	13.561980
5324	13.889570
5325	13.945560
5326	13.772780
5327	13.538040
5328	13.510090
5329	13.607560
5330	13.534690
5332	13.435890
5333	13.632330
5334	13.855980
5335	13.643970
5339	13.216390
5340	13.180010
5341	13.548320
5347	13.781420
5348	13.628690
5367	13.346210
5368	13.296570
5371	13.223880
5372	12.791480
5378	12.357550
5383	12.630780
5384	13.274370
5385	13.195320
5386	12.665040
5392	13.348740
5393	15.424020
5394	16.604200
5396	15.434580
5397	13.475980
5398	12.755690
5399	12.973500
5400	12.817840
5401	12.369340
5402	12.506210
5403	13.117570
5406	13.373510
5407	13.078750
5408	12.697360
5409	12.532000
5410	12.519290
5411	12.599220
5412	12.831320
5413	13.162280
5414	13.315380
5415	13.093900
5416	12.744140
5417	12.711170
5418	12.981010
5419	13.070060
5435	12.760400
5436	12.496470
5437	12.586490
5438	12.818990
5439	12.842340
5440	12.694300
5441	12.673120
5442	12.869170
5443	13.022750
5445	12.830430
5449	12.325730
5450	11.913840
5452	11.998570
5453	12.671910
5454	13.619390
5455	14.260580
5456	14.120630
5457	13.299850
5459	12.428900
5460	11.967790
5461	11.754540
5462	11.460430
5463	11.132320
5465	10.992870
5466	10.999140
5467	10.923550
5468	10.763040
5471	10.771860
5472	11.097620
5481	11.504930
5482	11.711640
5483	11.713600
5484	11.710720
5485	11.632330
5486	11.239330
5488	10.683100
5489	10.436370
5490	10.583670
5491	10.722130
5494	10.603300
5496	10.458370
5498	10.645280
5499	11.287150
5501	12.122160
5507	12.629380
5509	12.550540
5510	12.203200
5511	12.061840
5512	12.145990
5513	12.159600
5514	11.987100
5515	11.795940
5516	11.852520
5517	12.271430
5518	12.820960
5519	13.213100
5520	13.535440
5521	13.865020
5522	13.809370
5523	13.275800
5525	12.968730
5526	13.094760
5527	12.808670
5528	12.114580
5529	12.411540
5530	13.954820
5533	15.169920
5535	15.431300
5536	15.568260
5537	15.390910
5538	14.440940
5539	14.774640
5540	18.403460
5541	22.858010
5542	24.310630
5543	23.493510
5544	23.243940
5545	22.763260
5549	20.166980
5550	17.748040
5551	18.475110
5552	20.254340
5553	19.517210
5554	17.814610
5555	19.441440
5558	24.553990
5560	28.873820
5561	28.764330
5562	24.113050
5564	17.633430
5565	12.760810
5566	11.067010
5567	11.303120
5568	11.525400
5569	11.280850
5570	11.012240
5571	10.816780
5572	10.716480
5573	10.925300
5574	11.308950
5575	11.479710
5576	11.391570
5577	11.192350
5578	10.962510
5579	10.954780
5580	11.343460
5581	11.727640
5582	11.710590
5583	11.570470
5584	11.595120
5585	11.568990
5586	11.501280
5587	11.710280
5588	11.926170
5589	11.691620
5590	11.412690
5591	11.470230
5592	11.221350
5594	10.680590
5595	11.570880
5596	14.509040
5599	17.228580
5600	17.959430
5601	18.067310
5602	18.829790
5603	18.387500
5604	14.943570
5605	10.507570
5606	8.435730
5607	9.152600
5610	10.707940
5611	11.760390
5612	11.927450
5613	10.921650
5614	9.149880
5615	7.959750
5616	8.032820
5617	8.596160
5620	8.917530
5622	9.341130
5626	10.191980
5627	10.952890
5628	11.133440
5633	11.017400
5634	10.991660
5636	10.963760
5637	10.959040
5638	11.339640
5639	12.098340
5640	12.709820
5641	12.998440
5642	13.374060
5643	13.999910
5644	14.523200
5645	14.760300
5646	14.865200
5647	14.793560
5648	14.376710
5649	13.892090
5650	13.871470
5651	14.430810
5652	15.278920
5654	16.168850
5655	17.013940
5656	17.781290
5657	18.373080
5658	18.382380
5659	17.327670
5660	15.520440
5661	14.122970
5662	13.846450
5663	14.210050
5664	14.444440
5666	14.378970
5667	14.199360
5668	14.070560
5669	14.149410
5670	14.395240
5671	14.539120
5672	14.540000
5673	14.517620
5680	14.144050
5681	13.071280
5684	11.740400
5685	10.792210
5686	9.943190
5687	8.883980
5688	8.514320
5689	9.688390
5690	11.518420
5691	12.535540
5693	12.704750
5694	12.866860
5695	13.107730
5696	13.019320
5697	12.707000
5698	12.507020
5699	12.399580
5700	12.303120
5701	12.292580
5703	12.288800
5704	12.170860
5705	12.133490
5706	12.367110
5707	12.612880
5708	12.593380
5709	12.521210
5710	12.677600
5716	12.890890
5717	12.936170
5718	12.937390
5719	13.056710
5723	13.107820
5724	12.969270
5725	12.893290
5726	13.045260
5727	13.166910
5729	13.189530
5731	13.565520
5732	14.383290
5733	14.903180
5734	14.720900
5735	14.489760
5736	14.570780
5737	13.978350
5738	11.828170
5741	8.921910
5742	6.800610
5743	6.082020
5744	6.685170
5745	8.515240
5747	10.924430
5748	12.583850
5749	12.877180
5750	12.627390
5751	12.795010
5752	13.326300
5753	13.724830
5755	13.860820
5756	13.795150
5757	13.504510
5758	13.152270
5759	13.126560
5761	13.601340
5762	14.318160
5763	14.808890
5764	14.754580
5765	14.252100
5766	13.781800
5767	13.701330
5768	13.818440
5769	13.740750
5770	13.496510
5771	13.398440
5772	13.447540
5774	13.372540
5775	13.167020
5777	13.087840
5778	13.291110
5779	13.865360
5782	14.943500
5783	16.273350
5784	17.107330
5785	17.159620
5786	17.037570
5787	17.085650
5788	16.627400
5789	15.213820
5790	13.728180
5793	13.234860
5794	13.548230
5795	13.839690
5796	13.910370
5797	13.969550
5798	13.914100
5803	13.574990
5804	13.175590
5805	13.025650
5807	13.246920
5808	13.789070
5815	14.324030
5816	14.398280
5817	13.949830
5818	13.489770
5819	13.399160
5820	13.558430
5821	13.795150
5822	14.129850
5824	14.492240
5825	14.726250
5826	14.864760
5827	15.034240
5828	15.200520
5830	15.286360
5832	15.300690
5833	15.166390
5834	14.729230
5836	14.051070
5837	13.418340
5838	13.013890
5840	12.806460
5841	12.719300
5842	12.746120
5843	12.929080
5844	13.221000
5845	13.407290
5846	13.315130
5848	13.079900
5849	12.978800
5850	13.047810
5851	13.160240
5853	13.264930
5854	13.183650
5855	12.466470
5875	11.021870
5878	9.801950
5879	9.855750
5883	11.110530
5884	12.395420
5885	12.845060
5886	12.823820
5887	13.142680
5888	13.824540
5890	14.128420
5891	13.607090
5892	12.607160
5893	11.798360
5896	11.608390
5897	12.040050
5898	12.595170
5899	12.603180
5900	11.988690
5902	11.466040
5903	11.619820
5904	12.185710
5905	12.665360
5906	13.112840
5907	13.753250
5908	14.222820
5909	13.859670
5910	12.681980
5911	11.567720
5912	11.300380
5913	11.722920
5914	12.083180
5915	12.019060
5916	11.843660
5917	11.973550
5918	12.478640
5919	13.125570
5923	13.569870
5924	13.747180
5925	14.159730
5926	15.262960
5927	16.352550
5928	16.026260
5930	14.115040
5932	12.188500
5933	11.751680
5934	12.829330
5935	14.444830
5936	15.476750
5937	15.103500
5938	13.530520
5939	12.232910
5940	12.479150
5941	13.776800
5942	14.649160
5943	14.596920
5944	14.312020
5945	14.188620
5946	13.713650
5947	12.613860
5948	11.801520
5949	12.405240
5950	14.076340
5951	15.151960
5952	14.693400
5953	13.494690
5963	12.736370
5964	12.656340
5965	12.758330
5967	12.534080
5970	11.513410
5971	9.803420
5972	8.748690
5974	9.741430
5975	12.114350
5976	13.622510
5977	13.315460
5978	12.479980
5979	12.383860
5980	12.540090
5981	11.896030
5983	10.619300
5984	9.818880
5986	10.029610
5987	10.714170
5988	11.006170
5989	10.541440
5990	9.682210
5991	9.191730
5998	9.498040
6000	10.181850
6001	10.413390
6002	10.150140
6003	10.293060
6005	11.413340
6008	12.929420
6009	13.948010
6012	14.321300
6013	14.467520
6014	14.629620
6015	14.829530
6017	15.053610
6018	15.145220
6019	14.886500
6020	14.409530
6021	14.082110
6022	13.896630
6023	13.465940
6028	12.735770
6029	12.246210
6030	12.413200
6031	12.991730
6032	13.367790
6033	13.196290
6035	12.615470
6037	12.002170
6038	11.616490
6039	11.422160
6040	11.237300
6042	11.060730
6043	11.108230
6047	11.402310
6050	11.659190
6052	11.764560
6053	12.030650
6058	12.541630
6061	12.726410
6062	12.111020
6065	11.166830
6066	10.759190
6069	11.073520
6070	11.739430
6072	12.465210
6073	13.021240
6075	13.063000
6079	12.617300
6082	12.237590
6085	12.208570
6086	12.162730
6087	11.784160
6088	11.346560
6094	11.267010
6096	11.709810
6097	12.642480
6100	13.848260
6101	14.804400
6103	14.994120
6105	14.411340
6107	13.492360
6108	12.745890
6109	12.526690
6112	12.850750
6113	13.319270
6115	13.457510
6116	13.194940
6117	12.770780
6121	12.348070
6122	11.924880
6123	11.431720
6124	10.881100
6126	10.473720
6127	10.489220
6129	10.895620
6134	11.318190
6135	11.528510
6136	11.602270
6137	11.613840
6139	11.555170
6140	11.619630
6141	12.050930
6142	12.709650
6143	13.155800
6144	13.144340
6145	12.856010
6146	12.776650
6147	13.295330
6149	14.136180
6150	14.469740
6152	13.972760
6154	13.338100
6155	13.227300
6156	13.373520
6157	13.254230
6160	12.917640
6161	12.652180
6163	12.468800
6164	12.321430
6165	12.223980
6168	12.132490
6169	12.193630
6170	12.777950
6171	13.814240
6172	14.609440
6174	14.833760
6175	14.991300
6177	15.480010
6178	16.013130
6180	16.279690
6182	16.415560
6184	16.517360
6185	16.427500
6187	16.153150
6190	15.907990
6192	15.641740
6194	15.056470
6195	14.206520
6197	13.631210
6199	13.675500
6201	13.879580
6203	13.481230
6204	12.572840
6205	12.182950
6208	12.831870
6209	13.685590
6211	13.908580
6213	14.274450
6215	16.084490
6216	18.737560
6217	19.927060
6218	18.666220
6223	16.664660
6226	15.918830
6227	16.124700
6228	15.670970
6229	14.141770
6230	12.506060
6233	11.616210
6234	11.783650
6238	13.061100
6239	14.896430
6240	16.158550
6241	16.415790
6242	16.277330
6243	16.133020
6244	15.758700
6246	15.262290
6248	15.075670
6249	15.225430
6251	15.795300
6252	17.147150
6253	18.482780
6256	18.029000
6257	16.008370
6259	15.033000
6260	16.251510
6261	17.857230
6262	18.574850
6263	19.217920
6267	19.718220
6269	18.391970
6270	15.369290
6271	13.308140
6272	13.540140
6273	14.464680
6275	14.403970
6277	13.506270
6278	12.574740
6280	12.080730
6281	12.262330
6284	12.761950
6285	12.792820
6291	12.488960
6292	13.051660
6296	14.675930
6298	15.906500
6299	15.734910
6301	15.095550
6302	15.364130
6303	16.428250
6305	17.208230
6306	17.366070
6309	17.485500
6311	17.862920
6314	18.026280
6315	17.629840
6317	16.998680
6322	16.564000
6324	16.350580
6327	16.176940
6329	15.879350
6331	15.292050
6333	14.617230
6334	14.475790
6335	14.974020
6337	15.387000
6339	15.472580
6341	16.061670
6342	17.425060
6345	18.252750
6376	17.351450
6377	15.409330
6378	13.575560
6387	12.142120
6392	11.123360
6395	11.100090
6397	12.503960
6402	14.609750
6405	15.942750
6406	15.428940
6409	13.273480
6410	10.999860
6413	10.146210
6415	10.662220
6420	11.120630
6422	10.767780
6423	10.335360
6429	10.600770
6431	11.237160
6435	11.539880
6460	11.471640
6462	11.482470
6466	11.581810
6468	11.592570
6471	10.964440
6473	10.709030
6476	10.464520
6479	10.407330
6483	11.203280
6486	12.228610
6488	11.882950
6493	10.458630
6498	9.754200
6501	9.822600
6531	9.402610
6533	8.782210
6534	8.913220
6535	9.392870
6537	9.563850
6538	9.785830
6539	10.430790
6542	11.467950
6543	12.828780
6546	13.852810
6547	13.846150
6548	13.576620
6550	13.971420
6551	14.097620
6555	13.057590
6557	12.077290
6562	12.173890
6563	12.211080
6593	11.237400
6597	10.292850
6600	10.305210
6601	10.665060
6602	10.770820
6603	11.197970
6604	12.170980
6606	12.413800
6608	11.352950
6611	11.024300
6612	12.958420
6615	14.792190
6617	13.760540
6618	11.444320
6621	10.818540
6622	11.357850
6623	11.253830
6624	11.101240
6625	11.684180
6626	11.824560
6628	11.241080
6629	11.776910
6631	13.798350
6632	14.940780
6637	13.913940
6638	12.518690
6639	12.596530
6640	13.527670
6641	13.936090
6642	13.739470
6643	13.324300
6644	12.666000
6645	12.314020
6646	13.258740
6647	15.012230
6649	15.768080
6650	14.901030
6656	13.567730
6662	12.849240
6663	12.709490
6665	12.718900
6667	13.001790
6668	14.209900
6669	16.296660
6677	17.715500
6687	16.975590
6690	14.623810
6692	12.577710
6695	12.110840
6697	13.073390
6700	14.197180
6701	14.199660
6702	13.240740
6703	12.406260
6709	11.825190
6710	11.263740
6716	11.658640
6730	13.464180
6731	14.999060
6735	14.901180
6736	14.127140
6741	13.718870
6744	13.334680
6745	12.848030
6748	12.778380
6750	13.009850
6751	14.093770
6754	12.466065
6755	15.063769
6757	12.364675
6758	12.433687
6761	13.410419
6762	15.019024
6763	19.087207
6765	13.250884
6770	13.277468
6775	15.956882
6777	13.887175
6778	15.973307
6780	13.116473
6783	12.846498
6784	14.604226
6785	14.763777
6786	15.000000
6788	13.656227
6789	14.823600
6796	15.034078
6798	14.410144
6801	12.844299
6802	12.858244
6803	11.883384
6804	16.776022
6805	15.424164
6806	15.457543
6808	16.363636
6809	15.429452
6813	11.159607
6815	13.062788
6816	12.834773
6817	12.658448
6822	15.780000
6828	15.783382
6829	15.143867
6830	15.306643
6832	15.021029
6834	15.387771
6835	16.025071
6836	15.588734
6837	14.838264
6853	13.838489
6854	12.041422
6856	15.622288
6857	15.887587
6861	16.054800
6864	22.916634
6865	21.943290
6866	22.278027
6867	22.479373
6868	20.893755
6869	22.568759
6870	21.114424
6871	17.866437
6872	17.616782
6873	18.310878
6874	17.042479
6875	18.662883
6876	17.303700
6877	16.874188
6878	17.143533
6879	17.708286
6880	17.057824
6881	17.331690
6882	16.420361
6883	16.452196
6885	17.367796
6886	17.065982
6887	15.270802
6888	18.366598
6889	18.074098
6890	17.035249
6891	18.836261
6892	17.515353
6893	16.791524
6894	19.018071
6895	16.214463
6896	16.691609
6897	20.067700
6898	16.722408
6900	17.890324
6901	19.381147
6902	20.806394
6903	16.341057
6904	20.262056
6905	18.732321
6906	18.673897
6909	16.458026
6910	16.251460
6913	18.757268
6914	18.595496
6916	17.263735
6917	17.853591
6918	17.289074
6919	18.103456
6920	17.640143
6921	17.882829
6922	19.887400
6923	18.854621
6924	17.196342
6925	15.950094
6927	14.344451
6928	15.936364
6929	14.607310
6930	14.165197
6931	15.986738
6932	16.305730
6933	16.997377
6934	18.047271
6936	15.501899
6937	16.298443
6938	14.797969
6940	16.505055
6941	15.928049
6942	20.195281
6943	16.644460
6944	17.891074
6945	17.507002
6946	17.304114
6949	16.538037
6950	16.073724
6955	15.433687
6956	15.670706
6957	16.025071
6959	14.472711
6960	15.313555
6963	14.031805
6967	13.806222
6969	16.602215
6971	17.405159
6973	15.000000
6978	13.482437
6986	15.582012
6987	13.218576
6988	13.090776
6993	18.709463
6995	13.077749
6996	12.943762
6997	14.538830
6999	12.747876
7001	13.559118
7002	12.675191
7003	17.291730
7005	15.240279
7007	13.226737
7009	13.920684
7010	14.913695
7012	17.810495
7013	16.505165
7014	16.481101
7015	13.956091
7025	13.956091
7027	16.086366
7030	15.640111
7031	16.050219
7032	12.442970
7034	14.800000
7037	14.817742
7038	14.989485
7039	12.638674
7040	14.404942
7042	13.730396
7044	14.770308
7045	17.603569
7047	17.084027
7050	17.447270
7051	16.163794
7052	16.104494
7054	14.664437
7056	13.520865
7057	15.520988
7059	16.044497
7060	14.795330
7062	15.077233
7063	15.077233
7065	20.180278
7066	15.009755
7073	15.525412
7074	14.309338
7075	13.706976
7076	14.846095
7079	11.843976
7082	12.548450
7085	12.014667
7087	12.238708
7088	17.896201
7089	13.856098
7091	15.599833
7092	15.441101
7093	15.215038
7098	18.062133
7099	18.189903
7101	14.895729
7102	16.448910
7103	19.262050
7104	15.856238
7105	15.333143
7107	14.981362
7108	16.867103
7109	17.642756
7110	17.989553
7111	22.401356
7112	16.685838
7113	18.173864
7114	15.775636
7116	18.494884
7117	18.781302
7118	16.148711
7119	15.304281
7120	16.712471
7121	16.289003
7122	16.351744
7125	17.143511
7126	15.803009
7127	15.992609
7128	15.569319
7129	14.720445
7130	15.053755
7131	13.202458
7132	16.262513
7133	14.569707
7134	13.995492
7135	15.887026
7136	15.458074
7137	16.554605
7138	17.282433
7139	17.487953
7140	17.420255
7141	16.054193
7142	15.449539
7143	16.140602
7145	16.325643
7146	15.709548
7147	16.073151
7148	17.012682
7149	16.238062
7150	16.187050
7152	16.921746
7153	13.247763
7156	21.870140
7158	21.241444
7162	22.868382
7163	23.596036
7164	14.302822
7166	13.851268
7169	18.542174
7172	7.097232
7173	8.531614
7174	13.095080
7175	13.989057
7177	15.467639
7179	14.757970
7182	14.032680
7183	14.851485
7185	12.480586
7187	12.522958
7190	13.561978
7191	13.993870
7192	12.621840
7194	11.574070
7196	12.165450
7197	12.594450
7200	12.448130
7201	12.450000
7202	12.437810
7204	17.123280
7206	14.410530
7209	13.599270
7211	18.820570
7213	13.636360
7214	14.395390
7215	13.761460
7216	13.636300
7217	15.416230
7218	12.636890
7219	13.416810
7220	12.953360
7221	13.774100
7222	15.822700
7223	13.611610
7224	14.520810
7225	14.031800
7226	14.272120
7228	14.605600
7229	14.917870
7230	14.402765
7231	14.776375
7234	16.933760
7235	14.000206
7236	15.410163
7239	14.551134
7240	13.692663
7241	16.125008
7242	13.862090
7243	18.355751
7245	13.291251
7246	13.812879
7247	14.277868
7248	15.296219
7249	14.035067
7251	13.935724
7252	16.090650
7254	14.630353
7256	14.353296
7257	13.974150
7258	14.281745
7260	13.131144
7261	13.601012
7262	12.400578
7263	13.056139
7264	12.667104
7265	13.391812
7266	12.839853
7267	12.749775
7268	13.411393
7269	12.521268
7271	13.781668
7272	12.549483
7273	13.912547
7274	14.549830
7275	13.526683
7276	12.288966
7277	12.644600
7278	13.102778
7279	13.249557
7280	12.680575
7281	12.784356
7283	13.533665
7284	13.451388
7285	13.002714
7286	13.532206
7287	13.601456
7288	15.673836
7289	13.836837
7290	15.283399
7291	13.263001
7293	15.881881
7294	12.597549
7295	14.341839
7296	13.482322
7297	14.745233
7298	15.273933
7300	13.204188
7301	13.928018
7305	13.661912
7306	13.604013
7307	14.074145
7309	13.334892
7310	16.422761
7311	14.333996
7312	11.387598
7315	11.953114
7316	12.808471
7317	13.794154
7320	13.432609
7321	12.400988
7322	13.270072
7323	13.832598
7324	13.587604
7325	12.824865
7326	14.967331
7328	12.748233
7330	13.402508
7332	12.991059
7334	14.446519
7335	13.566976
7336	13.189840
7337	12.670691
7338	14.128032
7339	13.414297
7340	14.240377
7341	13.198201
7342	13.969991
7344	12.922804
7346	14.552703
7347	13.437957
7348	14.793286
7350	14.891814
7351	15.546928
7353	13.642501
7354	14.838196
7356	13.545009
7358	14.707859
7359	17.256851
7361	14.876967
7362	13.370678
7363	12.849406
7364	14.953611
7366	14.659817
7367	13.634793
7369	14.344463
7372	14.388494
7373	16.876897
7374	16.320205
7375	14.114164
7376	14.619970
7379	15.556889
7380	14.413532
7381	13.581289
7384	13.924722
7385	14.471955
7388	15.289226
7390	15.047049
7391	15.594926
7393	14.678853
7394	14.770809
7395	15.271049
7397	15.977718
7398	15.707321
7402	15.596155
7403	13.592668
7404	14.042332
7407	13.989398
7408	13.966445
7409	13.908682
7410	13.626321
7411	15.722799
7412	15.757262
7413	14.209406
7414	14.968463
7415	14.354641
7416	15.543989
7417	13.604966
7418	12.806699
7419	13.821723
7421	13.738318
7423	13.936717
7424	14.213992
7425	13.751262
7427	14.906628
7428	14.062509
7429	13.305890
7430	13.718990
7431	15.411147
7432	13.259185
7433	13.667111
7434	13.193806
7435	14.968706
7436	14.256238
7439	13.658731
7440	14.045468
7442	13.763963
7443	14.688347
7444	14.994906
7445	13.963422
7446	18.147894
7447	14.459839
7449	16.970810
7450	19.139523
7451	14.462555
7452	14.731391
7453	15.637739
7456	13.979315
7457	13.616740
7458	14.772458
7459	14.636406
7460	14.924458
7461	14.034454
7462	13.608742
7463	15.228034
7465	14.855836
7466	14.950330
7468	15.465961
7469	15.725429
7470	13.730043
7473	14.960034
7474	16.930626
7477	13.483813
7478	13.513228
7479	15.542762
7480	12.682831
7482	14.225968
7484	12.851984
7485	15.261440
7486	13.653387
7488	13.951310
7489	14.695570
7490	13.952029
7491	16.148912
7492	14.252221
7494	13.664270
7495	16.752596
7496	16.834449
7498	13.800345
7499	13.685669
7501	15.063503
7502	13.506545
7503	14.874174
7504	14.773882
7506	14.520437
7510	14.633403
7511	15.601622
7513	14.998131
7515	16.424136
7518	13.854210
7519	12.816226
7521	14.232999
7522	13.990512
7523	14.920359
7524	14.096163
7525	14.020200
7526	15.567311
7529	14.405651
7536	16.534966
7537	13.051880
7539	13.391176
7544	12.991662
7545	12.403930
7547	14.726188
7550	14.751597
7551	15.838122
7557	15.081624
7558	14.499776
7560	12.962726
7561	14.234620
7566	12.605042
7568	12.535507
7569	13.210624
7571	12.213774
7572	13.543475
7573	13.459667
7575	13.729986
7576	13.846174
7578	12.770358
7579	14.296388
7580	12.770166
7582	11.596009
7585	12.357927
7586	13.828760
7587	11.841592
7588	11.785423
7589	12.111142
7590	12.435103
7592	12.469128
7594	11.752241
7595	12.631190
7596	12.842317
7597	12.519915
7598	16.855515
7599	14.847563
7600	12.070478
7601	12.563013
7602	15.529624
7603	14.530384
7604	14.541865
7605	13.799379
7609	14.055585
7610	13.988229
7611	14.028242
7612	13.076487
7613	14.830294
7614	15.839511
7615	16.378097
7616	15.352989
7617	14.276491
7618	14.055669
7619	14.830569
7620	16.219254
7622	11.894759
7625	11.621064
7626	12.794413
7630	14.615705
7632	12.424890
7635	13.030756
7637	14.492936
7638	13.509381
7639	11.833539
7643	12.011552
7645	12.008465
7647	13.393490
7648	13.038930
7649	12.629499
7650	12.122785
7651	12.449620
7652	13.149640
7655	13.862958
7657	13.359702
7658	15.406409
7659	12.362219
7661	12.280483
7662	12.937295
7663	11.950112
7664	13.542734
7665	13.168434
7666	15.899277
7667	13.397013
7668	14.942730
7669	13.525908
7670	13.549949
7673	15.387313
7677	14.140483
7678	12.855989
7679	14.464383
7680	13.984095
7681	13.328958
7682	12.844984
7683	14.519969
7684	13.018847
7685	14.374330
7686	13.270461
7687	13.287055
7688	15.198664
7690	14.892853
7692	13.754552
7727	12.179661
7729	14.139396
7731	12.271625
7732	13.775565
7733	15.556590
7734	14.351134
7737	15.098541
7738	14.439773
7741	13.731808
7742	15.217962
7743	13.763707
7746	14.533757
7747	14.160518
7750	13.916100
7752	13.522390
7754	13.485785
7756	14.502968
7758	13.660287
7759	13.618243
7762	15.488218
7764	14.032376
7766	13.370462
7767	13.443504
7768	13.228993
7770	13.408953
7773	13.518341
7774	14.233031
7775	14.115958
7776	13.035855
7778	15.785327
7780	14.260212
7781	15.238273
7784	14.533124
7785	14.395965
7786	14.803002
7788	14.247494
7790	15.889895
7791	13.230800
7792	14.797653
7793	14.850127
7794	13.544867
7795	14.588499
7798	13.840348
7799	14.796098
7802	13.041385
7803	15.229200
7804	13.956860
7805	13.897970
7807	16.301320
7808	13.873004
7809	14.000932
7810	17.963548
7811	14.058921
7812	14.798178
7813	13.385990
7814	13.926822
7815	15.256811
7816	13.874006
7817	14.124821
7818	13.224730
7819	13.432793
7820	14.148580
7822	13.784517
7824	14.288280
7825	14.361813
7826	14.183298
7827	15.049425
7828	12.737342
7829	14.233229
7830	15.404619
7831	14.708605
7832	14.391307
7833	14.440384
7835	14.167676
7836	14.940035
7838	15.083993
7841	14.009730
7844	13.384810
7846	13.408505
7847	13.293385
7848	14.633422
7849	13.762304
7850	14.563839
7852	15.146685
7853	14.976992
7855	14.933047
7857	16.310880
7860	16.227105
7861	14.396398
7862	15.324185
7865	15.581957
7866	13.869977
7867	13.902933
7868	13.960255
7869	10.948664
7870	10.576596
7871	11.276569
7872	11.335618
7874	12.638890
7876	10.542904
7878	13.071813
7886	11.861913
7887	10.396831
7888	10.047483
7889	10.378117
7890	11.173610
7891	11.434609
7895	10.979713
7897	11.497915
7898	11.807810
7899	12.371590
7903	11.541297
7905	10.594085
7906	9.841532
7909	10.811425
7910	10.917106
7914	12.305610
7917	15.166261
7923	12.150065
7924	10.866086
7925	11.730415
7927	13.296784
7928	14.908734
7929	15.710474
7930	11.252850
7931	12.051981
7932	12.956641
7933	13.655974
7934	13.808066
7935	14.681791
7936	13.554979
7937	15.488998
7939	13.072944
7940	13.795728
7943	14.242730
7944	13.256597
7945	13.712615
7946	14.697361
7947	13.832014
7948	17.531749
7950	13.758603
7952	15.138306
7955	14.678801
7956	15.975704
7958	14.042730
7960	14.145484
7961	14.066964
7963	13.517383
7965	13.444728
7966	13.880234
7967	13.487159
7968	14.321915
7969	13.878099
7970	14.914055
7972	14.338062
7973	12.996076
7975	15.681126
7977	15.686034
7978	14.835000
7980	15.120039
7981	14.230305
7982	13.892072
7985	12.778797
7986	13.607027
7987	12.608395
7988	13.442544
7989	12.719078
7990	12.146514
7991	13.688426
7992	12.234969
7993	12.586857
7994	12.731452
7995	12.938623
7996	13.232131
7997	13.913185
7998	12.551417
8000	13.432655
8001	13.288093
8002	12.830728
8003	13.472113
8004	15.219304
8006	13.552136
8007	12.672931
8008	12.602943
8009	14.230757
8011	14.000809
8012	14.057177
8013	12.694172
8014	13.679969
8015	12.727200
8019	13.730456
8020	13.864897
8021	13.982500
8022	13.167958
8023	14.907343
8024	13.516274
8025	12.943326
8026	13.140734
8027	13.448894
8028	14.265830
8029	13.683599
8033	13.340725
8034	12.886463
8037	12.743511
8039	12.776824
8040	12.974255
8041	13.094768
8043	13.045526
8044	12.095988
8045	12.967933
8046	12.901665
8047	13.678202
8048	11.977757
8049	13.080176
8050	14.058839
8051	14.177535
8053	13.451385
8054	13.053867
8055	13.761815
8056	14.479495
8057	12.864259
8060	13.092746
8062	12.454817
8064	13.241181
8065	13.775722
8066	13.050885
8068	12.681280
8069	12.422189
8071	11.552047
8074	12.690517
8076	12.815647
8077	12.850188
8078	13.213485
8080	13.879927
8083	13.140345
8085	12.142716
8086	13.179653
8087	14.666199
8088	13.384671
8090	13.549030
8092	13.323424
8093	13.800863
8094	14.336505
8095	12.565992
8096	14.122277
8097	15.024602
8099	13.532932
8100	11.715711
8102	12.842127
8104	13.036662
8106	13.686722
8107	13.715943
8108	13.759077
8109	15.886605
8111	14.374463
8116	13.751937
8117	12.927312
8118	13.251715
8123	14.067139
8124	12.803775
8125	14.789912
8126	14.516509
8127	13.501420
8128	13.946779
8129	14.394389
8130	13.945826
8132	14.160572
8133	14.865975
8134	14.998218
8135	14.044171
8137	15.918405
8139	13.776997
8140	14.826228
8141	14.425590
8142	13.817022
8143	14.733471
8144	15.071895
8146	15.400682
8147	14.373709
8149	14.010645
8150	14.060679
8151	15.355225
8152	14.106337
8153	14.709562
8155	14.106025
8156	14.388483
8158	14.757088
8159	14.364068
8161	15.894344
8162	15.095434
8163	15.355890
8164	14.687687
8165	15.448227
8167	14.471608
8168	14.611671
8169	14.980312
8170	14.895159
8171	15.407697
8172	15.638167
8174	15.304738
8177	15.292260
8180	15.878219
8183	15.234028
8184	15.924951
8186	14.312012
8187	18.429014
8188	15.531452
8189	14.257345
8190	15.257112
8192	15.986653
8193	16.287871
8194	14.760761
8195	15.601665
8196	16.157164
8197	14.310128
8198	14.753988
8199	15.096721
8200	17.262756
8201	15.457209
8202	16.203537
8203	14.279186
8204	14.322095
8205	14.445634
8206	15.091520
8207	15.311155
8208	12.348328
8209	13.207292
8212	12.153939
8213	13.066430
8214	12.384680
8215	13.495191
8216	14.815466
8217	13.815658
8218	13.122855
8219	14.943079
8221	14.579377
8222	13.415999
8223	14.202008
8225	12.396641
8226	13.781528
8229	15.297277
8230	15.436650
8231	16.407881
8232	16.458234
8233	16.670652
8234	16.850718
8235	18.223082
8236	16.301948
8238	17.106711
8239	15.843957
8240	14.956718
8241	16.483659
8242	17.213339
8243	16.845993
8245	17.179012
8246	17.341881
8287	14.041696
8288	14.461402
8289	13.708576
8292	12.636958
8293	15.523264
8294	13.487177
8296	13.465767
8297	12.665119
8298	12.328171
8300	12.414147
8301	13.263901
8302	13.159009
8303	14.619003
8304	12.855137
8305	12.148552
8306	12.525361
8308	11.629742
8309	12.316286
8310	11.859441
8311	11.261475
8312	11.866372
8313	11.772598
8314	12.031161
8315	11.870562
8316	12.414195
8317	12.132830
8318	12.671318
8319	11.997657
8320	11.993926
8321	12.062313
8322	11.895610
8323	11.958348
8324	12.586249
8325	12.728719
8326	11.861926
8327	12.291125
8329	12.438431
8330	11.873812
8331	12.203251
8332	12.292463
8333	11.999361
8334	11.553148
8335	12.007517
8336	12.174502
8337	11.388343
8338	11.577829
8339	11.857593
8340	12.063550
8341	12.154578
8342	12.507738
8343	11.938513
8344	11.910946
8346	12.133534
8347	11.615582
8348	12.045320
8349	12.743854
8350	11.967515
8351	11.975761
8352	12.037282
8353	11.899469
8354	11.695226
8355	11.962784
8356	11.804368
8357	11.821843
8358	11.791125
8359	12.207035
8361	11.984377
8362	12.527047
8363	11.502395
8364	12.088225
8365	11.922446
8367	11.945168
8368	12.428987
8369	12.065758
8370	12.086341
8372	12.509034
8373	12.202806
8374	12.184303
8375	12.602118
8376	11.807365
8377	12.157094
8378	11.436069
8379	11.605362
8380	11.457524
8382	12.135107
8383	11.903233
8385	12.005143
8387	12.452297
8390	11.374877
8392	11.084460
8393	11.609867
8394	11.920008
8395	12.122618
8396	11.036909
8397	11.537460
8398	11.662613
8399	11.231005
8400	11.424250
8401	12.005867
8402	11.555100
8403	11.919570
8404	11.688425
8406	13.092911
8407	11.859025
8410	12.807718
8411	13.433366
8413	12.851717
8414	13.594492
8415	13.548289
8416	12.992637
8417	12.956900
8418	13.010177
8419	13.693697
8420	13.333620
8422	13.018507
8423	13.234347
8424	12.833418
8425	13.225409
8426	13.032920
8427	13.757683
8429	12.991706
8464	14.170116
8465	13.941607
8467	13.817188
8468	13.638425
8469	15.490151
8471	16.185869
8473	14.892345
8475	13.715486
8476	14.285370
8477	13.851455
8480	13.918021
8481	14.098695
8482	13.965687
8483	14.279220
8486	14.483545
8487	13.987407
8489	16.015944
8490	14.853170
8491	13.852612
8493	14.424955
8494	14.434031
8495	14.219047
8497	13.780331
8498	15.195777
8499	14.466794
8500	14.750016
8501	13.833136
8502	14.119396
8503	14.038235
8504	14.431318
8505	13.889760
8506	14.999112
8508	15.026067
8509	15.566336
8510	14.590448
8511	14.549554
8512	15.286654
8513	13.959124
8514	13.703171
8515	14.598983
8516	15.200839
8517	15.362543
8518	14.667925
8522	14.542139
8523	15.030746
8524	15.563237
8525	15.667298
8526	15.707110
8527	15.845761
8528	16.247642
8529	16.463818
8531	15.536550
8532	15.500847
8533	16.416180
8535	15.476428
8536	17.051802
8537	16.409815
8538	14.762575
8539	15.458324
8540	14.956835
8541	15.916942
8542	15.491789
8544	15.904758
8545	15.511370
8546	15.079952
8547	15.154785
8548	15.156835
8549	15.910009
8550	15.358899
8551	15.139185
8552	15.667762
8553	15.495126
8555	16.311454
8556	16.687417
8557	15.479082
8558	15.969626
8560	15.092340
8561	15.768678
8562	15.545538
8564	14.484469
8565	14.796922
8566	15.424432
8567	16.100126
8568	15.873286
8570	16.495003
8571	14.924635
8572	15.407935
8573	14.881087
8574	15.279107
8575	15.077723
8576	15.676359
8577	15.663787
8578	16.450367
8579	15.260526
8580	15.526458
8581	14.693258
8582	15.608928
8583	15.633166
8584	15.862382
8585	16.659176
8586	16.921308
8587	15.010825
8588	16.639869
8591	16.058419
8592	16.086140
8593	15.730755
8594	15.850472
8598	16.777931
8599	14.921578
8600	16.310467
8601	15.303594
8602	16.601496
8604	15.846797
8605	16.190512
8606	14.798136
8607	15.046752
8608	17.207702
8609	15.592389
8610	16.213311
8611	15.680485
8614	16.454208
8615	15.231482
8616	17.959013
8617	16.260845
8618	16.033968
8621	17.480332
8623	15.496965
8624	15.110450
8626	15.296919
8627	15.009794
8629	14.341892
8630	16.396736
8631	15.642447
8632	17.907691
8633	18.237252
8634	15.742618
8635	15.263937
8636	14.649876
8637	16.325053
8640	14.715526
8641	16.434163
8642	15.470163
8643	15.453857
8647	14.632707
8648	14.826790
8649	16.066486
8650	16.075015
8651	14.251858
8652	15.614748
8653	14.368068
8655	15.593046
8656	15.399138
8657	14.561961
8658	15.633443
8659	14.929074
8660	13.850854
8662	14.816921
8663	14.349864
8664	14.963708
8665	17.584572
8666	15.345410
8667	14.655249
8668	14.904751
8669	14.343581
8671	13.878950
8672	13.682171
8673	15.122290
8674	14.898905
8675	13.856532
8676	14.153800
8677	13.617227
8678	13.996622
8679	14.138400
8680	14.298212
8681	14.748522
8682	14.070414
8683	14.802189
8684	15.919618
8685	15.392383
8686	14.954844
8687	14.490464
8688	14.702845
8689	14.799435
8691	15.731007
8692	13.960730
8693	15.367092
8694	13.692134
8695	14.845021
8696	16.311979
8698	16.690706
8699	16.386593
8700	15.272590
8701	16.060353
8702	17.711949
8703	15.959685
8704	14.931565
8705	15.540594
8706	16.892018
8707	15.819597
8708	15.664284
8709	15.252943
8710	16.863244
8711	16.041765
8712	16.850822
8713	15.882965
8714	15.785735
8715	15.851185
8717	15.994791
8718	15.238212
8719	15.913112
8720	15.825598
8721	16.303202
8723	15.857491
8724	16.359833
8725	15.721798
8727	15.289912
8728	14.882460
8729	16.585149
8730	15.569183
8731	15.354208
8733	15.109588
8734	16.547527
8735	17.507716
8737	19.229498
8738	16.985288
8740	16.672015
8741	16.628619
8742	16.525651
8743	16.526717
8744	16.737250
8747	16.084083
8748	16.592233
8749	15.338737
8750	16.713288
8751	17.393163
8753	18.615452
8754	16.276374
8755	16.274338
8756	15.177007
8757	16.398027
8758	16.140741
8759	16.751909
8760	13.361918
8761	13.780223
8762	14.539528
8763	14.125898
8764	14.556137
8765	14.913456
8766	16.313162
8767	13.596228
8768	14.752402
8769	14.640320
8770	13.092310
8771	13.581946
8772	12.906201
8773	13.144081
8774	13.821067
8775	15.784934
8777	12.530284
8778	12.586475
8780	15.118948
8781	13.582446
8782	15.119366
8784	12.822308
8785	12.750382
8787	15.037436
8788	15.063163
8790	14.099550
8791	13.976282
8793	13.933468
8794	13.886397
8795	15.307524
8796	14.141678
8797	14.337870
8798	14.100991
8799	14.729283
8800	15.403857
8802	15.504196
8803	14.844600
8804	15.400524
8805	14.344550
8806	14.580819
8808	15.318485
8809	14.708307
8811	15.675153
8812	17.129328
8813	15.489496
8814	15.644942
8816	15.130905
8817	15.992556
8818	17.035946
8819	15.024085
8820	15.346935
8823	15.116219
8824	17.550577
8825	14.785076
8827	16.291728
8828	18.255498
8830	15.001366
8831	14.297083
8833	15.302574
8834	14.035944
8839	16.804121
8840	16.049638
8841	14.820963
8847	15.826959
8849	15.433600
8850	15.525189
8851	13.975603
8853	15.532061
8854	14.097038
8855	14.565978
8856	13.588868
8857	14.413993
8859	15.507359
8860	16.239789
8861	13.867307
8862	14.659666
8863	13.785076
8865	14.742260
8867	14.593999
8868	14.407246
8869	13.675718
8870	14.279567
8872	14.496703
8873	15.064682
8874	13.684259
8875	14.154095
8876	14.969255
8877	19.132669
8879	14.945731
8880	13.652937
8881	14.097264
8883	15.340775
8884	14.587590
8885	14.687538
8886	13.547567
8887	13.786469
8888	14.044050
8889	13.309257
8890	13.141214
8891	13.629419
8894	14.758833
8895	13.465221
8896	13.648299
8897	13.652868
8898	15.051444
8900	13.944360
8901	12.500006
8902	14.050370
8903	14.636612
8904	13.754930
8905	14.001703
8906	14.304976
8907	14.609314
8909	14.230858
8910	15.342674
8911	14.504104
8914	14.070171
8917	14.740646
8918	13.310287
8920	14.656035
8922	14.081330
8923	13.936386
8924	14.591890
8925	15.132283
8926	14.094119
8927	14.797101
8928	14.142300
8929	14.808225
8930	15.134339
8932	15.529602
8933	14.541285
8935	15.404377
8936	13.748351
8937	15.014629
8938	14.739978
8939	14.541825
8940	14.481431
8941	14.514009
8942	14.785596
8943	15.139031
8944	15.595613
8945	13.844709
8946	15.485921
8947	14.993709
8948	16.608854
8949	15.164480
8950	14.633356
8951	14.985137
8952	15.082862
8953	13.198218
8954	14.628151
8955	14.957005
8956	14.741946
8957	14.524963
8958	15.007133
8959	14.906611
8961	16.358815
8962	14.333949
8963	14.250878
8964	14.502562
8965	14.126954
8966	14.615135
8967	13.837213
8968	14.165198
8969	15.352599
8970	14.319352
8971	14.498825
8975	14.063818
8976	15.524199
8977	14.676626
8978	15.499070
8979	15.010007
8980	13.317550
8981	14.328472
8983	14.144716
8984	15.922439
8985	14.307971
8986	15.456481
8990	13.464991
8991	14.636527
8992	14.658935
8993	14.829461
8994	15.373578
9138	13.773261
9140	15.439512
9141	15.798342
9142	13.391262
9143	14.278008
9144	14.569236
9145	13.921545
9149	14.719833
9151	15.400411
9152	15.108276
9154	14.774443
9155	16.518005
9156	12.981769
9158	15.356789
9159	13.231402
9161	14.022623
9164	14.552275
9165	13.793526
9167	14.130947
9169	14.456438
9170	13.827858
9172	13.702801
9174	14.600434
9176	13.455730
9178	14.537701
9180	14.292520
9182	13.385288
9183	12.782275
9185	13.194547
9188	13.643392
9189	12.896939
9191	13.903479
9191	13.327016
9193	12.945170
9196	15.047651
9197	13.992101
9198	13.271596
9202	13.928007
9203	13.198416
9205	13.803681
9205	14.720795
9207	13.596809
9208	13.068100
9210	13.526106
9211	13.282564
9213	13.627279
9214	13.914657
9216	13.287271
9217	12.447100
9221	15.602787
9222	16.129032
9235	15.451704
9236	13.631819
9237	13.377728
9238	12.738854
9240	13.695712
9241	12.819782
9243	13.620267
9250	13.959115
9252	13.708646
9253	13.756420
9256	14.612762
9256	14.240055
9257	14.114106
9258	13.947866
9260	13.530579
9261	13.593113
9265	13.910785
9266	13.145211
9267	13.449698
9268	12.994889
9269	12.738493
9270	13.470634
9272	13.407222
9273	13.386881
9274	13.215084
9276	13.642150
9277	12.485434
9279	12.783727
9281	13.159049
9282	12.818322
9285	13.190678
9286	13.431232
9287	13.511484
9288	14.230599
9289	13.842321
9290	14.287983
9292	15.801671
9294	13.511891
9296	13.561161
9299	13.318732
9300	13.839340
9301	14.619409
9303	13.676149
9304	14.531599
9306	14.793873
9307	14.855898
9308	13.752636
9309	14.691000
9310	14.647007
9311	13.976458
9316	13.920252
9317	14.139382
9322	14.156285
9323	14.907573
9325	14.000809
9325	15.522595
9327	14.508173
9328	14.998001
9329	15.025042
9330	14.757969
9331	15.516172
9332	15.160193
9334	14.345372
9336	16.106518
9337	14.206340
9338	15.066796
9341	15.480942
9342	14.997001
9344	13.804952
9348	13.357475
9350	14.466662
9353	14.854916
9359	16.021076
9361	15.549412
9362	14.797277
9367	15.664705
9374	14.727541
9376	16.007969
9377	14.783181
9381	14.277103
9384	14.299333
9386	13.410020
9389	13.226347
9391	12.828920
9393	14.069975
9394	14.694357
9395	13.728720
9400	13.608322
9402	14.273028
9404	12.978024
9405	15.287403
9440	13.490422
9441	13.749695
9442	14.254039
9444	16.324457
9445	14.055472
9447	13.530579
9448	14.235101
9457	17.062259
9458	13.710734
9461	14.248623
9464	13.849990
9465	14.425851
9467	13.429629
9468	13.615322
9471	13.906058
9472	14.062500
9474	14.224302
9475	14.997500
9476	14.854427
9477	15.988062
9478	15.345791
9482	14.090240
9483	13.157125
9487	13.277077
9489	14.299333
9491	16.294311
9492	14.148718
9493	13.237631
9496	13.952624
9497	13.749274
9499	14.988010
9501	15.180138
9502	15.508685
9503	14.506301
9504	14.775898
9505	14.312522
9506	14.878983
9507	15.882540
9509	13.859374
9511	14.481560
9512	14.789497
9513	14.562164
9517	14.343543
9523	13.844449
9524	15.396195
9525	14.778325
9531	15.458074
9533	15.220186
9534	15.454888
9536	14.155841
9537	14.540520
9538	16.133079
9539	14.892280
9540	14.815302
9541	15.991471
9543	14.726576
9545	14.902637
9546	15.269247
9547	14.615609
9548	15.161724
9548	15.932589
9550	15.446931
9552	15.385668
9553	15.247518
9554	15.205784
9557	15.028053
9559	15.726018
9561	15.633142
9566	14.546630
9567	14.828973
9569	15.683268
9571	15.116904
9573	16.253115
9579	15.747481
9581	15.240805
9582	14.575843
9582	14.692439
9584	15.731515
9585	14.209928
9586	14.571124
9588	15.043627
9589	15.133172
9590	15.121985
9592	14.864240
9593	15.533310
9594	15.152536
9599	14.362771
9601	15.295717
9602	15.523129
9602	15.734816
9603	15.190899
9604	15.208354
9605	15.357314
9606	14.571595
9612	15.972173
9612	15.515636
9613	14.801171
9615	15.318107
9616	15.518846
9618	15.327498
9619	15.433158
9620	15.558015
9621	15.818335
9622	14.981024
9623	14.861785
9625	15.788920
9628	14.853446
9631	15.017521
9632	15.086495
9633	15.868537
9634	15.808332
9636	15.303519
9637	15.372527
9639	14.940239
9640	15.669614
9641	15.974441
9642	15.260298
9643	15.264438
9644	16.596592
9646	15.783429
9647	14.336478
9648	15.297877
9649	15.747025
9651	15.387676
9652	14.989277
9653	16.250891
9654	15.262883
9655	15.724302
9656	15.531433
9657	15.461477
9658	15.699782
9659	15.960386
9660	14.651039
9662	15.405640
9663	15.535464
9664	15.720352
9666	16.387196
9667	15.781895
9668	15.159948
9669	15.477083
9670	15.216653
9672	15.731544
9673	15.295236
9674	15.817552
9675	15.188229
9676	15.033636
9677	14.979296
9678	15.403357
9679	14.799165
9680	14.889737
9681	15.807756
9682	15.640546
9683	15.445130
9684	14.621338
9685	15.076374
9686	15.269330
9688	15.747408
9689	15.474245
9690	14.703436
9691	14.315559
9692	14.686219
9695	14.317692
9696	14.697784
9697	14.745580
9698	13.994975
9702	14.087385
9704	13.743931
9706	15.139702
9708	14.814535
9709	14.096928
9711	14.187578
9714	15.642285
9717	14.470877
9717	14.904257
9718	14.140939
9720	13.162237
9721	14.221353
9723	14.092525
9725	14.212329
9726	14.988210
9729	14.928264
9732	14.727176
9736	13.631526
9737	13.785058
9738	13.236686
9741	13.057196
9743	13.377178
9744	14.177071
9745	14.634647
9748	14.449110
9751	13.667640
9753	12.512934
9754	13.531342
9755	14.287622
9758	13.582004
9759	13.530861
9760	13.926562
9760	13.817877
9761	14.945263
9762	14.315839
9763	13.900205
9773	13.457501
9773	14.070763
9776	13.727009
9779	13.386169
9780	13.731910
9781	14.287048
9783	13.770044
9786	13.413378
9788	13.849410
9790	13.168217
9795	13.751436
9796	13.007760
9798	13.166884
9801	13.137410
9802	14.212008
9805	13.922906
9809	14.039813
9812	13.032482
9817	13.724707
9819	14.674594
9821	13.159244
9822	13.832981
