5005	13.755010
5006	13.312220
5007	12.646350
5008	11.700830
5009	10.880180
5010	10.729590
5011	11.244910
5012	11.907450
5013	12.373420
5014	12.731920
5015	13.109250
5017	13.424690
5018	13.602370
5019	13.713550
5020	13.831530
5021	13.910680
5022	13.889990
5023	13.833150
5025	13.887910
5026	14.092170
5027	14.266740
5028	14.203500
5029	13.912120
5030	13.567050
5031	13.274630
5033	13.061130
5034	13.016620
5036	13.214840
5037	13.548700
5038	13.822900
5040	13.983250
5041	14.100310
5042	14.220700
5043	14.385990
5044	14.638570
5046	14.860920
5047	14.798790
5048	14.410640
5052	13.994110
5053	13.760370
5054	13.504370
5055	13.027700
5056	12.599600
5057	12.580500
5058	12.754990
5059	12.563160
5062	11.959940
5063	11.518340
5064	11.579930
5065	11.833060
5066	11.873750
5067	11.745960
5069	11.697650
5070	11.750880
5071	11.744920
5072	11.616120
5073	11.460440
5074	11.423910
5075	11.565840
5077	11.752810
5078	11.756490
5079	11.526590
5080	11.253450
5081	11.077010
5083	10.933780
5086	10.786650
5088	10.755770
5089	10.874340
5090	10.967700
5091	10.950960
5092	11.021070
5093	11.355880
5097	11.811530
5098	12.150450
5100	12.384530
5101	12.688980
5102	13.015100
5103	13.068210
5105	12.685980
5106	12.082950
5107	11.658760
5108	11.660220
5109	12.006330
5110	12.362490
5111	12.455460
5112	12.422630
5113	12.687570
5114	13.304480
5116	13.697490
5117	13.408350
5118	12.794150
5120	12.515330
5132	12.649050
5134	12.932880
5141	13.355310
5143	13.904800
5145	14.049180
5147	13.480740
5148	12.895740
5149	13.115380
5150	13.851530
5152	14.246570
5153	14.180390
5154	14.118880
5157	14.130720
5158	13.939980
5159	13.598470
5160	13.407480
5161	13.394420
5162	13.352120
5163	13.187680
5164	12.998860
5165	12.997930
5166	13.354680
5167	13.886550
5168	14.089460
5169	13.769230
5170	13.365120
5171	13.310900
5172	13.424650
5173	13.360490
5174	13.307410
5177	13.661640
5178	14.231870
5180	14.355730
5181	13.752460
5182	12.730730
5183	11.747490
5184	11.263210
5185	11.721490
5186	13.032840
5187	14.390580
5189	15.098790
5193	15.081850
5194	14.341590
5195	12.907270
5196	11.548060
5199	11.123050
5200	11.199840
5201	10.907950
5202	10.676080
5203	10.998870
5204	10.754190
5205	9.825720
5206	11.785510
5207	19.814560
5209	31.102240
5210	39.458040
5211	42.272540
5212	41.012520
5213	36.811940
5214	30.331490
5215	24.515200
5216	22.584280
5217	23.640670
5218	23.923820
5219	22.068120
5220	20.136770
5222	19.757500
5223	19.947470
5224	19.188260
5225	17.734510
5227	16.753420
5228	16.118250
5230	14.533380
5232	11.885350
5233	9.874740
5234	9.605600
5235	10.026850
5237	9.805780
5240	9.318160
5241	9.506180
5242	10.059270
5243	10.113690
5244	9.718590
5245	9.436430
5246	9.336190
5248	9.277260
5249	9.383850
5251	9.561650
5252	9.393770
5253	8.991640
5254	9.066690
5255	9.732100
5256	10.197550
5257	10.023510
5258	9.696790
5260	9.709060
5265	10.142050
5274	11.262990
5279	13.254300
5281	15.278410
5282	16.191800
5283	16.067130
5284	15.677610
5295	14.955960
5296	13.596910
5297	12.429550
5298	12.573640
5300	13.683940
5302	14.537040
5303	14.728040
5306	14.807220
5308	15.556300
5309	17.508860
5311	20.052080
5315	21.101680
5316	19.233420
5317	15.808880
5319	13.402790
5321	12.741150
5322	12.803440
5324	12.962040
5325	13.276580
5326	13.527830
5327	13.476900
5328	13.391730
5329	13.446700
5330	13.398190
5332	13.268930
5333	13.413380
5334	13.719930
5335	13.704830
5339	13.417710
5340	13.421220
5341	13.838340
5347	14.134020
5348	13.899460
5367	13.347440
5368	12.994990
5371	12.864930
5372	12.660490
5378	12.473420
5383	12.759280
5384	13.358590
5385	13.564180
5386	13.546840
5392	14.364540
5393	15.919050
5394	16.415220
5396	14.941030
5397	13.002410
5398	12.322450
5399	12.580720
5400	12.582650
5401	12.317290
5402	12.470960
5403	12.923020
5406	13.023620
5407	12.733520
5408	12.479010
5409	12.356210
5410	12.181710
5411	11.999290
5412	11.994130
5413	12.113990
5414	12.136420
5415	12.010060
5416	11.928970
5417	12.081530
5418	12.372620
5419	12.446330
5435	12.096010
5436	11.680680
5437	11.709610
5438	12.175270
5439	12.518860
5440	12.467100
5441	12.441280
5442	12.823760
5443	13.243310
5445	13.064740
5449	12.316810
5450	11.663480
5452	11.603940
5453	12.093610
5454	12.718670
5455	12.972840
5456	12.585470
5457	11.819590
5459	11.213400
5460	10.946820
5461	10.767490
5462	10.530960
5463	10.383800
5465	10.429820
5466	10.587710
5467	10.730150
5468	10.756150
5471	10.663600
5472	10.653600
5481	10.886450
5482	11.231080
5483	11.438610
5484	11.482190
5485	11.349980
5486	10.917620
5488	10.333530
5489	10.041750
5490	10.117140
5491	10.137870
5494	9.932110
5496	9.899640
5498	10.393830
5499	11.264550
5501	12.074930
5507	12.473620
5509	12.415370
5510	12.187480
5511	12.150450
5512	12.337000
5513	12.442880
5514	12.229530
5515	11.872480
5516	11.870670
5517	12.488040
5518	13.364820
5519	13.975020
5520	14.222020
5521	14.125910
5522	13.509620
5523	12.683550
5525	12.504010
5526	12.935950
5527	12.855510
5528	12.062210
5529	11.746370
5530	12.402260
5533	13.355370
5535	14.413470
5536	15.538210
5537	15.675070
5538	14.798410
5539	15.419640
5540	18.729770
5541	21.856770
5542	22.535070
5543	22.798410
5544	24.156130
5545	23.858920
5549	20.409150
5550	17.639840
5551	18.517490
5552	19.957190
5553	18.462530
5554	16.391110
5555	18.183910
5558	23.695980
5560	28.541470
5561	28.802870
5562	23.898000
5564	16.732060
5565	11.506560
5566	10.005170
5567	10.474190
5568	10.703730
5569	10.479740
5570	10.365570
5571	10.262720
5572	10.054350
5573	10.006460
5574	10.095290
5575	10.075820
5576	10.021630
5577	10.011720
5578	9.907760
5579	9.850680
5580	10.111410
5581	10.449110
5582	10.547510
5583	10.650010
5584	10.896630
5585	10.884280
5586	10.589300
5587	10.551450
5588	10.724250
5589	10.553220
5590	10.204960
5591	10.139810
5592	9.990700
5594	9.658940
5595	10.462340
5596	13.079930
5599	15.731360
5600	16.619840
5601	16.515230
5602	16.639810
5603	15.927260
5604	13.029900
5605	9.358860
5606	7.538260
5607	8.061400
5610	9.453680
5611	10.495160
5612	10.635230
5613	9.535220
5614	7.681690
5615	6.466490
5616	6.609610
5617	7.400730
5620	8.063510
5622	8.741550
5626	9.605040
5627	10.205630
5628	10.278900
5633	10.234520
5634	10.369610
5636	10.466640
5637	10.561960
5638	11.124380
5639	12.152390
5640	12.961630
5641	13.208260
5642	13.328580
5643	13.704840
5644	14.145580
5645	14.404090
5646	14.535830
5647	14.583990
5648	14.482880
5649	14.373530
5650	14.575310
5651	15.214530
5652	16.176050
5654	17.328290
5655	18.501270
5656	19.300600
5657	19.325360
5658	18.756960
5666	18.423770
5657	18.804020
5658	19.024670
5659	17.892560
5660	15.712240
5661	14.104070
5662	13.835340
5663	14.114750
5664	14.193890
5666	14.249790
5667	14.479520
5668	14.659270
5669	14.754600
5670	14.888290
5671	14.880200
5672	14.619830
5673	14.341230
5680	13.972500
5681	13.117500
5684	11.876730
5685	10.695940
5686	9.514380
5687	8.427100
5688	8.495170
5689	10.280070
5690	12.440650
5691	13.444940
5693	13.622880
5694	14.000900
5695	14.373140
5696	14.031510
5697	13.213840
5698	12.617170
5699	12.432080
5700	12.522020
5701	12.675050
5703	12.535130
5704	12.142600
5705	12.217700
5706	13.041150
5707	13.689960
5708	13.353300
5709	12.637580
5710	12.563350
5716	13.018510
5717	13.228200
5718	13.052760
5719	12.925170
5723	12.945750
5724	12.921930
5725	12.882720
5726	12.905060
5727	12.821020
5729	12.705040
5731	13.080530
5732	14.005020
5733	14.676930
5734	14.666530
5735	14.625260
5736	14.904020
5737	14.504620
5738	12.515100
5741	9.682300
5742	7.523010
5743	6.710200
5744	7.197610
5745	8.855230
5747	11.057300
5748	12.608300
5749	12.978780
5750	12.930440
5751	13.318590
5752	13.996980
5753	14.378490
5755	14.378370
5756	14.287810
5757	14.181290
5758	13.952840
5759	13.720470
5761	13.810510
5762	14.303890
5763	14.791850
5764	14.771470
5765	14.251840
5766	13.769040
5767	13.711070
5768	13.856980
5769	13.790510
5770	13.533960
5771	13.410330
5772	13.444360
5773	13.371780
5774	13.167470
5775	13.088830
5778	13.290280
5780	13.860430
5782	14.944040
5783	16.284390
5784	17.092160
5785	17.079610
5786	16.973610
5787	17.193000
5788	16.904430
5789	15.449030
5790	13.763120
5793	13.163290
5794	13.563170
5795	13.998440
5796	14.132890
5797	14.198670
5798	14.176050
5803	13.907590
5804	13.560010
5805	13.426510
5807	13.669010
5808	14.283010
5815	14.941250
5816	15.124630
5817	14.739180
5818	14.338760
5819	14.350020
5820	14.566100
5821	14.661570
5822	14.689370
5824	14.815390
5825	14.994210
5826	15.104890
5827	15.172940
5828	15.347290
5830	15.714980
5832	16.086320
5833	16.035860
5834	15.363890
5835	14.419950
5837	13.725730
5838	13.411770
5839	13.250130
5841	13.109850
5842	13.103420
5843	13.309230
5844	13.569080
5845	13.646080
5846	13.516470
5848	13.365280
5849	13.309470
5850	13.305110
5851	13.337570
5853	13.416820
5854	13.375550
5855	12.988710
5875	12.343840
5878	11.887550
5879	11.890210
5883	12.261380
5884	12.684910
5885	12.889240
5886	12.944270
5887	13.209960
5888	13.777340
5890	14.122690
5891	13.672790
5892	12.560160
5893	11.520870
5896	11.163440
5897	11.503840
5898	11.997450
5899	12.030890
5900	11.593160
5902	11.328220
5903	11.662480
5904	12.194720
5905	12.351380
5906	12.265330
5907	12.481080
5908	12.993390
5909	13.120880
5910	12.429940
5911	11.435720
5912	11.056830
5913	11.464280
5914	11.920720
5915	11.857860
5916	11.586530
5917	11.696990
5918	12.250730
5919	12.848750
5923	13.170520
5924	13.347820
5925	13.901630
5926	15.065430
5927	16.052340
5928	15.673200
5930	13.890680
5932	12.037600
5933	11.388850
5934	12.222490
5935	13.996760
5936	15.511110
5937	15.413340
5938	13.693320
5939	12.163370
5940	12.389200
5941	13.739240
5942	14.472210
5943	14.087510
5944	13.508400
5945	13.333860
5946	13.044040
5947	12.186400
5948	11.516850
5949	12.073610
5950	13.409780
5951	13.987640
5952	13.418700
5953	12.860240
5963	12.960920
5964	13.126590
5965	12.937510
5967	12.567870
5970	11.690560
5971	10.045280
5972	8.881020
5974	9.622970
5975	11.395130
5976	12.060850
5977	11.294630
5978	10.546780
5979	10.529440
5980	10.647170
5981	10.430050
5983	10.012390
5984	9.607650
5986	9.436910
5987	9.671460
5988	9.953190
5989	9.692620
5996	9.049710
5997	8.854740
5998	9.367200
6000	9.968490
6001	10.144910
6002	10.122240
6003	10.396730
6005	11.129330
6008	12.128130
6009	13.065310
6012	13.638720
6013	13.835690
6014	14.002120
6015	14.416270
6017	14.853020
6018	14.883930
6019	14.441930
6020	13.777190
6021	13.093300
6022	12.573340
6023	12.405100
6025	12.429040
6028	12.210360
6029	11.755680
6030	11.595070
6031	11.915200
6032	12.209430
6033	12.014090
6035	11.437610
6037	10.853870
6038	10.505670
6039	10.401100
6040	10.348570
6042	10.241180
6043	10.314980
6047	10.753790
6050	11.271740
6052	11.580170
6053	11.913170
6058	12.430860
6061	12.639450
6062	12.092330
6065	11.200670
6066	10.725500
6069	10.922820
6070	11.604120
6072	12.425480
6073	12.943580
6075	12.934250
6079	12.729550
6082	12.727770
6085	12.765370
6086	12.490320
6087	11.971670
6088	11.487660
6094	11.160930
6096	11.221230
6097	11.988380
6100	13.256880
6101	14.233550
6103	14.380170
6105	13.860520
6107	13.056830
6108	12.271120
6109	11.908620
6112	12.251970
6113	12.922080
6115	13.118780
6116	12.568530
6117	11.785960
6121	11.331410
6122	11.162850
6123	10.849600
6124	10.272150
6126	9.841160
6127	9.974860
6129	10.548790
6134	11.097840
6135	11.351360
6136	11.251740
6137	10.851200
6139	10.614860
6140	11.324570
6141	12.958770
6142	14.212440
6143	13.962750
6144	12.743920
6145	11.969570
6146	12.189900
6147	12.854220
6149	13.292360
6150	13.273710
6152	12.975510
6153	12.832010
6155	13.067730
6156	13.315360
6157	13.069120
6160	12.408280
6161	11.813900
6163	11.481940
6164	11.323640
6165	11.375120
6168	11.764550
6169	12.389810
6170	12.923780
6171	13.142490
6172	13.099960
6174	12.985080
6176	12.889220
6177	12.827050
6178	12.924830
6180	13.285920
6182	13.655970
6184	13.631540
6185	13.261960
6187	12.982180
6190	12.921180
6192	12.744590
6194	12.226500
6195	11.583590
6197	11.186030
6199	11.163070
6201	11.249660
6203	11.068080
6204	10.738590
6205	10.912190
6208	11.763840
6209	12.455480
6211	12.419380
6213	12.704950
6215	14.694340
6216	17.597840
6217	18.791410
6218	17.140880
6223	14.554930
6226	13.413130
6227	13.687340
6228	13.730080
6229	12.771130
6230	11.382610
6233	10.391960
6234	10.441390
6238	11.703050
6239	13.263590
6240	13.781650
6241	13.247260
6242	12.794590
6243	12.782960
6244	12.644130
6246	12.318870
6248	12.177820
6249	12.195900
6251	12.631400
6252	14.100200
6253	15.710030
6256	15.399170
6257	13.329550
6259	12.117050
6260	12.846680
6261	14.155960
6262	15.612240
6263	17.888330
6267	19.462420
6269	17.750430
6270	13.768630
6271	11.385780
6272	11.843950
6273	12.825020
6275	12.603490
6277	11.721230
6278	11.029660
6280	10.797390
6281	11.199450
6284	11.906750
6285	12.077220
6291	11.678710
6292	11.674190
6296	12.337360
6298	12.834830
6299	12.706540
6301	12.583930
6302	13.128270
6303	14.068280
6305	14.604430
6306	14.450130
6309	14.148430
6311	14.217030
6314	14.342570
6315	14.022950
6317	13.513380
6322	13.334880
6324	13.364980
6327	13.225910
6329	12.935880
6331	12.503140
6333	11.815240
6334	11.267400
6335	11.371630
6337	11.792040
6339	12.080000
6341	12.816630
6342	14.474310
6345	16.065650
6376	16.548980
6377	16.392220
6378	15.950910
6387	14.519470
6392	12.348580
6395	11.475150
6397	12.800350
6402	14.370440
6405	14.147100
6406	12.492150
6409	10.789790
6410	9.623700
6413	9.186150
6415	9.594180
6420	10.082880
6422	9.636960
6423	8.721710
6429	8.852490
6431	10.348370
6435	11.949820
6460	12.706120
6462	12.928430
6466	13.067680
6468	13.108520
6471	12.276460
6473	11.624120
6476	10.893930
6479	10.916090
6483	11.872500
6486	12.572700
6488	11.925490
6493	10.772790
6498	10.690440
6501	11.556400
6531	12.054080
6533	11.945430
6534	11.821600
6535	11.842990
6537	11.696990
6538	11.310030
6539	10.957080
6542	11.176790
6543	12.329610
6546	13.698490
6547	13.978530
6548	13.133800
6550	12.471550
6551	12.489700
6555	12.367220
6557	11.868840
6562	11.774990
6563	12.243160
6593	12.423100
6597	12.063010
6600	11.684140
6601	11.673510
6602	11.922710
6603	12.287960
6604	12.600820
6606	12.500480
6608	11.850210
6611	11.157200
6612	11.095530
6615	11.582320
6617	11.860660
6618	11.560570
6621	11.089240
6622	10.873010
6623	10.967050
6624	11.417750
6625	12.060300
6626	12.268670
6628	11.944580
6629	12.089190
6631	13.195350
6632	14.100980
6637	13.767310
6638	13.058200
6639	13.237360
6640	13.994450
6641	14.317340
6642	14.092570
6643	13.635020
6644	12.988160
6645	12.597880
6646	13.167970
6647	14.248920
6649	14.494380
6650	13.530100
6656	12.244250
6662	11.543430
6663	11.683330
6665	12.234170
6667	12.564510
6668	13.100330
6669	15.120220
6677	18.114370
6687	19.262840
6690	17.088610
6692	13.688550
6695	11.997320
6697	12.464810
6700	13.396660
6701	13.420510
6702	12.752680
6703	12.219060
6709	11.848330
6710	11.524490
6716	12.057810
6730	13.776780
6731	15.141890
6735	14.880320
6736	14.013810
6741	13.668270
6744	13.292180
6745	12.480200
6748	12.036760
6750	12.248770
6751	13.854253
6754	12.703251
6755	14.161186
6757	12.732366
6758	12.535867
6761	12.628388
6762	14.568764
6763	16.635860
6765	12.127419
6770	13.537907
6775	15.317063
6777	13.030259
6778	14.146494
6780	12.305840
6783	12.355849
6784	14.104816
6785	13.883747
6786	13.900000
6788	13.199576
6789	14.240507
6796	13.884603
6798	12.789541
6801	12.430596
6802	12.113708
6803	11.976367
6804	15.525807
6805	15.848976
6806	14.237354
6808	15.253202
6809	14.740083
6813	10.944911
6815	13.854679
6816	12.631224
6817	13.335006
6822	15.590000
6828	15.596299
6829	14.685726
6830	15.036589
6832	15.205272
6834	14.763781
6835	15.232550
6836	14.538171
6837	14.451332
6853	12.641870
6854	12.509034
6856	14.416146
6857	15.123508
6861	14.504900
6864	20.897042
6865	20.649813
6866	19.728451
6867	20.293952
6868	21.838764
6869	19.945366
6870	19.828766
6871	16.155688
6872	15.907005
6873	17.286251
6874	16.095780
6875	16.653697
6876	16.101330
6877	15.228442
6878	15.710882
6879	15.730462
6880	14.294167
6881	17.556180
6882	15.026045
6883	15.191248
6885	15.995637
6886	15.480437
6887	14.205640
6888	17.337032
6889	16.359718
6890	15.282912
6891	15.622201
6892	15.755203
6893	14.719670
6894	15.657059
6895	15.112335
6896	15.926608
6897	19.533789
6898	14.905598
6900	16.563337
6901	17.341349
6902	19.017175
6903	17.196575
6904	16.444363
6905	16.975865
6906	16.595900
6909	16.495314
6910	16.255138
6913	15.842765
6914	17.684250
6916	16.331191
6917	16.431493
6918	15.188335
6919	15.474146
6920	15.314681
6921	15.919157
6922	17.891363
6923	17.159781
6924	15.551578
6925	13.310460
6927	14.480294
6928	13.977776
6929	13.662668
6930	15.372528
6931	15.292699
6932	15.549321
6933	16.419748
6934	16.033518
6936	15.891460
6937	15.746085
6938	14.236210
6940	16.425248
6941	16.172340
6942	17.545178
6943	15.433568
6944	15.673110
6945	15.878056
6946	15.231585
6949	17.182786
6950	16.608229
6955	15.113857
6956	15.428395
6957	15.138263
6959	14.930821
6960	13.537028
6963	14.797763
6967	12.931778
6969	16.835268
6971	17.833313
6973	14.288004
6978	13.589683
6986	13.466716
6987	11.418711
6988	12.798000
6993	14.677104
6995	11.600707
6996	12.616741
6997	12.518919
6999	11.992325
7001	14.197824
7002	12.079333
7003	13.766940
7005	13.601543
7007	11.971270
7009	12.696801
7010	13.129756
7012	21.213408
7013	14.608572
7014	16.346398
7015	12.840918
7025	12.840918
7027	15.767897
7030	13.771987
7031	13.701133
7032	11.578243
7034	14.643701
7037	14.370110
7038	13.404527
7039	10.567350
7040	12.960201
7042	12.632998
7044	16.769711
7045	15.423635
7047	15.933817
7050	14.777353
7051	15.535991
7052	15.409855
7054	15.307682
7056	11.359533
7057	13.901761
7059	13.089385
7060	12.638675
7062	13.000000
7063	13.000000
7065	18.206092
7066	13.530354
7073	14.650823
7074	12.636899
7075	13.930164
7076	13.664105
7079	11.255909
7082	11.607211
7085	12.859238
7087	10.100004
7088	25.745181
7089	13.588966
7091	14.494029
7092	14.815791
7093	14.145160
7098	24.151998
7099	23.556509
7101	13.008412
7102	17.891452
7103	17.900473
7104	13.218965
7105	14.122703
7107	14.093219
7108	15.559960
7109	18.198472
7110	16.657141
7111	17.778702
7112	14.892502
7113	16.852806
7114	15.389351
7116	16.504012
7117	19.166064
7118	17.178852
7119	14.002697
7120	14.379754
7121	13.149436
7122	15.496935
7125	16.771021
7126	14.923736
7127	16.933844
7128	16.419761
7129	14.177352
7130	14.819371
7131	12.246533
7132	16.145815
7133	13.725372
7134	13.799810
7135	16.981773
7136	14.863258
7137	17.024072
7138	16.252528
7139	15.669615
7140	14.680454
7141	15.858650
7142	14.615453
7143	15.883662
7145	16.018795
7146	17.491352
7147	15.372528
7148	17.607774
7149	15.347978
7150	15.986926
7152	16.236111
7153	14.197824
7156	24.726632
7158	21.421433
7162	21.258211
7163	21.082221
7164	14.378948
7166	15.638575
7169	16.732357
7172	25.103204
7173	32.748709
7174	15.181187
7175	16.967685
7177	17.051267
7179	15.945573
7182	13.943977
7183	16.246661
7185	13.219354
7187	13.530579
7190	14.168320
7191	14.058110
7192	13.775570
7193	12.562810
7196	13.333330
7197	14.326600
7200	12.510420
7201	12.500000
7202	12.583890
7204	19.355480
7206	15.641290
7209	11.682240
7211	18.867920
7213	14.792890
7214	15.479870
7215	16.835020
7216	15.009000
7217	14.204540
7218	13.321490
7219	13.648770
7220	14.749260
7221	14.662750
7222	16.146390
7223	14.409220
7224	14.691470
7225	14.749260
7226	15.212980
7228	15.259400
7229	15.402467
7230	14.872098
7231	15.150775
7234	17.444814
7235	14.636083
7236	15.987037
7239	16.150771
7240	15.219977
7241	18.512796
7242	15.175850
7243	21.005926
7245	15.598986
7246	14.045138
7247	15.461154
7248	16.255595
7249	14.791953
7251	16.335960
7252	18.127201
7254	14.820349
7256	15.144278
7257	15.656405
7258	15.657152
7260	13.878167
7261	14.691476
7262	14.269469
7263	15.129672
7264	15.068982
7265	15.223427
7266	14.315506
7267	15.370121
7268	16.432514
7269	14.683980
7271	14.798874
7272	13.384076
7273	15.230154
7274	16.089760
7275	13.897506
7276	14.079988
7277	14.992969
7278	15.192927
7279	14.514478
7280	14.212721
7281	14.735532
7283	14.768166
7284	15.243980
7285	14.383285
7286	14.415562
7287	14.981313
7288	17.627941
7289	15.135473
7290	17.256942
7291	13.499786
7293	18.406746
7294	14.796545
7295	16.528332
7296	15.529556
7297	17.147362
7298	17.192832
7300	14.876499
7301	15.805641
7305	15.535071
7306	14.750162
7307	15.522947
7309	15.333758
7310	18.593319
7311	16.675797
7312	13.982929
7315	15.110181
7316	13.934971
7317	16.261377
7320	16.066602
7321	14.702028
7322	15.362696
7323	16.608136
7324	15.206701
7325	14.779922
7326	18.135432
7328	14.297765
7330	15.645205
7332	15.119054
7334	16.584777
7335	15.460563
7336	15.275711
7337	14.208265
7338	17.207894
7339	15.962000
7340	16.481302
7341	15.178857
7342	16.321635
7344	14.380239
7346	16.861895
7347	14.960285
7348	14.816507
7350	16.564002
7351	16.786953
7353	14.912866
7354	17.108451
7356	14.921150
7358	15.172796
7359	17.470816
7361	16.846101
7362	14.294463
7363	14.057480
7364	15.822680
7366	16.505031
7367	15.879231
7369	16.075630
7372	15.379421
7373	18.755463
7374	16.776771
7375	15.136329
7376	15.702282
7379	16.976959
7380	15.512057
7381	14.167808
7384	14.428134
7385	15.132767
7388	16.186929
7390	15.250269
7391	16.918436
7393	16.493009
7394	15.804245
7395	17.543570
7397	17.064366
7398	17.494291
7402	16.915366
7403	15.666152
7404	14.604964
7407	14.696307
7408	15.136274
7409	14.976608
7410	14.543853
7411	17.584876
7412	17.844704
7413	15.397739
7414	16.545079
7415	16.382130
7416	18.071725
7417	14.920492
7418	14.088139
7419	15.470353
7421	14.412133
7423	14.438122
7424	15.229511
7425	14.934715
7427	16.744602
7428	15.411363
7429	14.819402
7430	14.911945
7431	17.039577
7432	14.204914
7433	15.171923
7434	14.541726
7435	16.446141
7436	15.272899
7439	16.659967
7440	14.812531
7442	14.397290
7443	15.455897
7444	15.244346
7445	14.197043
7446	19.205988
7447	16.465753
7449	18.156178
7450	21.014492
7451	15.347772
7452	17.003769
7453	16.372367
7456	15.133603
7457	14.522494
7458	16.099995
7459	15.305860
7460	16.239171
7461	14.782959
7462	15.017208
7463	17.178719
7465	16.468914
7466	16.678796
7468	16.966255
7469	18.052073
7470	17.583456
7473	17.060574
7474	18.892691
7477	14.941815
7478	16.881947
7479	17.035253
7480	15.492528
7482	16.372374
7484	14.566969
7485	14.727277
7486	15.823555
7488	14.223906
7489	15.980395
7490	15.001099
7491	17.659423
7492	15.465971
7494	15.786042
7495	20.044555
7496	18.480892
7498	15.170935
7499	15.220743
7501	16.794051
7502	15.776026
7503	16.953769
7504	17.283425
7506	16.283666
7510	16.822966
7511	16.630728
7513	17.106919
7515	18.398165
7518	14.108095
7519	13.077750
7521	15.201517
7522	14.804277
7523	16.533074
7524	15.238550
7525	16.797282
7526	18.133852
7529	17.145060
7536	16.748577
7537	13.854419
7539	14.608425
7544	14.856130
7545	12.227604
7547	13.795799
7550	13.705570
7551	17.733924
7557	14.503646
7558	14.256034
7560	12.555267
7561	14.652774
7566	12.484604
7568	12.726997
7569	12.801103
7571	11.910235
7572	13.693402
7573	13.589612
7575	13.962394
7576	13.514724
7578	13.085087
7579	16.209335
7580	13.353178
7582	12.677110
7585	12.860036
7586	13.839904
7587	12.209877
7588	12.366691
7589	11.856182
7590	12.266217
7592	13.305441
7594	12.714533
7595	14.182747
7596	12.077643
7597	12.699762
7598	16.472939
7599	12.660817
7600	11.882226
7601	12.347929
7602	13.702772
7603	13.218064
7604	12.756215
7605	12.783489
7609	14.055862
7610	14.153372
7611	15.662812
7612	13.978195
7613	15.976778
7614	17.522892
7615	15.993803
7616	16.115950
7617	15.241861
7618	14.813739
7619	17.059698
7620	20.398744
7622	15.318298
7625	12.659439
7626	13.338906
7630	15.109353
7632	12.822268
7635	15.403369
7637	12.819782
7638	13.838228
7639	11.830372
7643	12.060424
7645	12.371526
7647	12.838294
7648	13.525941
7649	13.213455
7650	12.563509
7651	13.404828
7652	13.105420
7655	13.941844
7657	13.280660
7658	14.836391
7659	12.829781
7661	13.046932
7662	13.166296
7663	12.575671
7664	13.911218
7665	13.533577
7666	14.920297
7667	13.951493
7668	14.919324
7669	15.219387
7670	13.853209
7673	15.823079
7677	14.535816
7678	13.917136
7679	15.396539
7680	14.804160
7681	14.056431
7682	14.642298
7683	15.246150
7684	14.674542
7685	15.835683
7686	15.812992
7687	15.837075
7688	16.174782
7690	16.299161
7692	14.709125
7727	15.088909
7729	18.843050
7731	16.814151
7732	17.007196
7733	18.798871
7734	19.798166
7737	18.007816
7738	17.255921
7741	16.944104
7742	19.324308
7743	17.550808
7746	17.753941
7747	17.543915
7750	17.567819
7752	17.234458
7754	17.731886
7756	18.731528
7758	17.518930
7759	17.845967
7762	19.678337
7764	17.520648
7766	16.976409
7767	16.843386
7768	17.221662
7770	16.723283
7773	18.118212
7774	17.656104
7775	17.970759
7776	17.886771
7778	20.453140
7780	18.076908
7781	18.036897
7784	17.111578
7785	16.846834
7786	17.469731
7788	17.494450
7790	19.192493
7791	16.080541
7792	17.051923
7793	17.267708
7794	16.917098
7795	17.733326
7798	17.087066
7799	17.625777
7802	16.358465
7803	18.448514
7804	16.278994
7805	16.224932
7807	19.015406
7808	16.265490
7809	16.152973
7810	21.493210
7811	16.581749
7812	16.786025
7813	16.529135
7814	16.889357
7815	17.572448
7816	16.391324
7817	18.402022
7818	16.993659
7819	17.374405
7820	18.328891
7822	18.141661
7824	17.877790
7825	18.448289
7826	17.801235
7827	16.708893
7828	15.521165
7829	17.033707
7830	19.546360
7831	18.509855
7832	18.943379
7833	18.588987
7835	17.895512
7836	18.496970
7838	17.648611
7841	17.106252
7844	16.270751
7846	17.339026
7847	16.943953
7848	18.371847
7849	17.316350
7850	18.020132
7852	17.259024
7853	17.689923
7855	17.147860
7857	21.863300
7860	18.620667
7861	17.697360
7862	18.906411
7865	17.670132
7866	16.310607
7867	15.618325
7868	15.755880
7869	11.731128
7870	10.888457
7871	11.042345
7872	11.496566
7874	13.565704
7876	10.931094
7878	12.783503
7886	11.076286
7887	10.836473
7888	10.580514
7889	10.881353
7890	11.012540
7891	11.281347
7895	10.689193
7897	10.563657
7898	11.558302
7899	12.117267
7903	12.521927
7905	11.293458
7906	10.373591
7909	11.589068
7910	11.047181
7914	12.299901
7917	14.394763
7919	11.378750
7921	12.310096
7923	11.219120
7924	10.217866
7925	10.902097
7927	15.117583
7928	14.743251
7929	15.714191
7930	14.065640
7931	13.693523
7932	14.504018
7933	15.610118
7934	14.587557
7935	15.320951
7936	14.410970
7937	15.008434
7939	14.344055
7940	14.425292
7943	14.971727
7944	14.037133
7945	14.983694
7946	15.340537
7947	14.153558
7948	16.038924
7950	14.660596
7952	16.036565
7955	15.376195
7956	15.602543
7958	14.055197
7960	14.084936
7961	15.457806
7963	15.167562
7965	15.025911
7966	13.975096
7967	14.271685
7968	14.467283
7969	14.143840
7970	15.619615
7972	15.527583
7973	13.960529
7975	15.681882
7977	16.023577
7978	16.194693
7980	15.877339
7981	15.897437
7982	15.235878
7985	14.360025
7986	14.450014
7987	14.535381
7988	14.748688
7989	13.653133
7990	14.008249
7991	15.497018
7992	15.439506
7993	15.102989
7994	14.416601
7995	14.920899
7996	16.423675
7997	15.490971
7998	15.903115
8000	14.781804
8001	14.613588
8002	15.214515
8003	14.715561
8004	16.860050
8006	15.242459
8007	14.586790
8008	14.977739
8009	15.593218
8011	15.689705
8012	15.993812
8013	14.494785
8014	15.551756
8015	14.386051
8019	15.235875
8020	15.139212
8021	14.723398
8022	14.377402
8023	15.469010
8024	14.670154
8025	14.898569
8026	14.881599
8027	15.020981
8028	15.551185
8029	15.467115
8033	15.003906
8034	14.783132
8037	13.970824
8039	13.959031
8040	13.430958
8041	14.344950
8043	15.142123
8044	14.708844
8045	14.944512
8046	14.988309
8047	16.299061
8048	14.325808
8049	15.073570
8050	15.619260
8051	16.572280
8053	15.775174
8054	15.209312
8055	15.444904
8056	15.892602
8057	15.214743
8060	15.934849
8062	14.257206
8064	14.821458
8065	16.538814
8066	15.191108
8068	15.781780
8069	15.226094
8071	14.428510
8074	14.788480
8076	14.396920
8077	14.816413
8078	15.871271
8080	16.206418
8083	15.800817
8085	15.072960
8086	16.164542
8087	17.518686
8088	15.789644
8090	15.885191
8092	15.467131
8093	15.951725
8094	16.604676
8095	15.323595
8096	16.446909
8097	17.790681
8099	16.168359
8100	14.485903
8102	14.329044
8104	15.673539
8106	15.680125
8107	15.943334
8108	16.111394
8109	18.686206
8111	17.026814
8116	16.253287
8117	16.558658
8118	16.958132
8123	16.384836
8124	16.245229
8125	16.769692
8126	17.424987
8127	16.727320
8128	16.534708
8129	17.478690
8130	17.216379
8132	16.923893
8133	18.592781
8134	18.606629
8135	17.676436
8137	20.459463
8139	17.914444
8140	17.675225
8141	17.935345
8142	17.943770
8143	17.674648
8144	16.854746
8146	17.795064
8147	16.696912
8149	17.050340
8150	16.818289
8151	17.880962
8152	16.457563
8153	17.736262
8155	17.022830
8156	16.380655
8158	17.223663
8159	16.696897
8161	17.375090
8162	18.203995
8163	17.672972
8164	16.996847
8165	17.559904
8167	16.873170
8168	17.051014
8169	16.804796
8170	17.315324
8171	17.741452
8172	18.517147
8174	18.764876
8177	18.259554
8180	17.030654
8183	16.503466
8184	18.095546
8186	16.551300
8187	16.873770
8188	17.495226
8189	15.753778
8190	17.389298
8192	17.252967
8193	18.140119
8194	16.602652
8195	17.129136
8196	19.248485
8197	17.208475
8198	17.281869
8199	16.986358
8200	21.652844
8201	17.846241
8202	18.496468
8203	16.970796
8204	16.213722
8205	20.766112
8206	21.827173
8207	21.836696
8208	16.920845
8209	18.071980
8212	17.913185
8213	18.225861
8214	16.617947
8215	18.051309
8216	19.662173
8217	19.848848
8218	17.428102
8219	21.465377
8221	20.057558
8222	17.716267
8223	19.190632
8225	17.455219
8226	19.494992
8229	18.745447
8230	19.069895
8231	20.411644
8232	20.470325
8233	20.804216
8234	23.117347
8235	22.307162
8236	22.662161
8238	22.997935
8239	19.803399
8240	20.541599
8241	20.459072
8242	17.764376
8243	16.929330
8245	16.588570
8246	17.696733
8287	14.356594
8288	13.970832
8289	13.725983
8292	12.913788
8293	18.023408
8294	14.227735
8296	14.056242
8297	13.137376
8298	12.620437
8300	12.561768
8301	16.755683
8302	14.149215
8303	15.274462
8304	12.873040
8305	13.351760
8306	12.113034
8308	13.613605
8309	14.240729
8310	14.522571
8311	13.040849
8312	13.976224
8313	13.611346
8314	12.958448
8315	13.260985
8316	13.629918
8317	12.144360
8318	12.824051
8319	12.509551
8320	12.437768
8321	12.656446
8322	12.456329
8323	12.672423
8324	13.049436
8325	13.034501
8326	12.518675
8327	13.318634
8329	12.872446
8330	12.787470
8331	12.991753
8332	12.701953
8333	12.465039
8334	12.396594
8335	12.664234
8336	12.189764
8337	12.644668
8338	12.626462
8339	12.224463
8340	12.718592
8341	12.155922
8342	13.040326
8343	12.707488
8344	12.277319
8346	12.026664
8347	12.266336
8348	11.777566
8349	12.322610
8350	12.237288
8351	11.840749
8352	12.347486
8353	12.392951
8354	12.345156
8355	12.077057
8356	12.296367
8357	12.602130
8358	12.178237
8359	12.610246
8361	12.287903
8362	13.234516
8363	12.316174
8364	12.516997
8365	12.029091
8367	12.093274
8368	12.406958
8369	12.368330
8370	12.112952
8372	13.168527
8373	12.061641
8374	12.326758
8375	13.653342
8376	12.705371
8377	12.624262
8378	12.159484
8379	12.279737
8380	11.916402
8382	12.137218
8383	12.134693
8385	12.720452
8387	13.678945
8390	12.201434
8392	12.052342
8393	12.059470
8394	12.408097
8395	13.230268
8396	11.836671
8397	12.195131
8398	12.262382
8399	11.746711
8400	12.011336
8401	13.069709
8402	12.071445
8403	11.933542
8404	11.931898
8406	12.382495
8407	12.183110
8410	12.917453
8411	13.455984
8413	13.838352
8414	14.420279
8415	13.872503
8416	13.636020
8417	13.943752
8418	13.865639
8419	13.542502
8420	14.109725
8422	13.959711
8423	13.329211
8424	13.286598
8425	14.177316
8426	13.378816
8427	14.002998
8429	13.546954
8464	14.694583
8465	14.889258
8467	15.157071
8468	14.638712
8469	16.114354
8471	17.121784
8473	16.387359
8475	14.233743
8476	15.636365
8477	15.401872
8480	14.762562
8481	14.921729
8482	14.585501
8483	15.230092
8486	15.670647
8487	15.034175
8489	16.591010
8490	16.031807
8491	14.765002
8493	15.194377
8494	15.575072
8495	15.214571
8497	15.317555
8498	15.052779
8499	14.878665
8500	15.176965
8501	15.229879
8502	15.320052
8503	15.059984
8504	15.059251
8505	14.907983
8506	15.924594
8508	15.491588
8509	16.362402
8510	15.538839
8511	15.496481
8512	15.691132
8513	15.259621
8514	14.950210
8515	15.246390
8516	15.684208
8517	15.933434
8518	15.730444
8522	15.520467
8523	15.833128
8524	16.605678
8525	16.094261
8526	16.267942
8527	16.592972
8528	16.775669
8529	16.166436
8531	16.123023
8532	15.704858
8533	15.975731
8535	16.310074
8536	16.792083
8537	17.830711
8538	15.695394
8539	15.972408
8540	16.076849
8541	16.064779
8542	16.218598
8544	16.257398
8545	16.528662
8546	15.977878
8547	16.171572
8548	16.039493
8549	16.511398
8550	17.196349
8551	15.762422
8552	16.435654
8553	15.916661
8555	16.867887
8556	17.608513
8557	15.407757
8558	17.024505
8560	16.192469
8561	16.327817
8562	16.007414
8564	15.485351
8565	16.199550
8566	15.951962
8567	16.709703
8568	16.508376
8570	16.856043
8571	15.472444
8572	16.047254
8573	15.433687
8574	15.756597
8575	15.782216
8576	16.198782
8577	16.522279
8578	16.883033
8579	16.110951
8580	16.602541
8581	15.968207
8582	16.172896
8583	15.942330
8584	16.295820
8585	17.065996
8586	17.404760
8587	15.708662
8588	16.770235
8591	16.611072
8592	16.199584
8593	15.923480
8594	16.166363
8598	16.930617
8599	15.132688
8600	18.689109
8601	16.023469
8602	18.119720
8604	17.123425
8605	15.850794
8606	14.304480
8607	15.095610
8608	16.605503
8609	14.712300
8610	15.385232
8611	15.092795
8614	15.861244
8615	15.310162
8616	17.694739
8617	15.267070
8618	15.871698
8621	15.923045
8623	14.286245
8624	15.392551
8626	14.755951
8627	14.713611
8629	13.811282
8630	16.411729
8631	15.153342
8632	17.974857
8633	16.476087
8634	15.766513
8635	14.939339
8636	14.356083
8637	17.147329
8640	15.095502
8641	17.586123
8642	15.127419
8643	15.255007
8647	13.726566
8648	15.050410
8649	17.274522
8650	14.516620
8651	13.843904
8652	14.742548
8653	13.921558
8655	15.782677
8656	15.697416
8657	14.310523
8658	15.359533
8659	14.017556
8660	13.369619
8662	15.448190
8663	14.374511
8664	15.006372
8665	17.800878
8666	15.357769
8667	13.901239
8668	15.033420
8669	13.783874
8671	13.048775
8672	12.723967
8673	14.643673
8674	15.751130
8675	14.310374
8676	14.638620
8677	14.449349
8678	15.247462
8679	14.537376
8680	14.957789
8681	15.889902
8682	15.046131
8683	15.511411
8684	16.586880
8685	16.320485
8686	16.153710
8687	15.915900
8688	16.061252
8689	15.446923
8691	16.695552
8692	14.596954
8693	16.035609
8694	15.276198
8695	15.679514
8696	17.698568
8698	17.339262
8699	17.345655
8700	16.333179
8701	16.614405
8702	18.328205
8703	16.421204
8704	16.149807
8705	16.135553
8706	18.047330
8707	16.828779
8708	15.884052
8709	16.391299
8710	17.931312
8711	16.882020
8712	17.461311
8713	16.298177
8714	16.906298
8715	16.554675
8717	16.850346
8718	15.618380
8719	16.087575
8720	17.347636
8721	17.140848
8723	17.569286
8724	17.621700
8725	17.380964
8727	16.065246
8728	15.856311
8729	18.325681
8730	15.860432
8731	16.190985
8733	16.049905
8734	17.156034
8735	17.144813
8737	18.727841
8738	16.349883
8740	16.302290
8741	16.853080
8742	16.492208
8743	17.062984
8744	15.976216
8747	15.592031
8748	16.194476
8749	15.272172
8750	15.351321
8751	18.463819
8753	19.945924
8754	17.254672
8755	15.571284
8756	15.509176
8757	17.607014
8758	16.891337
8759	17.499088
8760	14.103034
8761	15.129421
8762	15.384364
8763	14.911015
8764	15.835898
8765	14.491467
8766	16.646553
8767	16.910733
8768	18.269155
8769	18.558624
8770	16.959704
8771	17.767314
8772	17.705471
8773	17.441104
8774	14.620286
8775	16.359491
8777	13.874891
8778	13.575669
8780	15.784880
8781	14.471156
8782	16.270944
8784	14.742701
8785	13.843563
8787	16.180757
8788	15.994119
8790	15.466892
8791	15.467862
8793	14.834536
8794	14.876047
8795	17.081099
8796	15.430455
8797	15.659832
8798	15.334798
8799	16.194923
8800	16.580866
8802	17.020218
8803	15.789826
8804	17.196854
8805	15.481626
8806	15.653080
8808	16.446927
8809	16.682325
8811	16.134499
8812	18.362661
8813	16.825147
8814	17.033610
8816	15.746238
8817	17.851785
8818	18.565877
8819	16.377179
8820	16.322368
8823	15.882470
8824	19.817153
8825	16.139998
8827	17.730573
8828	19.421438
8830	16.098481
8831	15.409698
8833	16.605194
8834	15.323414
8839	17.925454
8840	18.039640
8841	16.692918
8847	17.462420
8849	18.082676
8850	17.616283
8851	15.144297
8853	17.527124
8854	15.564052
8855	16.526155
8856	16.484391
8857	16.068963
8859	17.321296
8860	17.187544
8861	15.238095
8862	16.687318
8863	14.825767
8865	16.861005
8867	16.865169
8868	16.935274
8869	15.772338
8870	16.435206
8872	16.562887
8873	17.740703
8874	15.920390
8875	16.518166
8876	17.837015
8877	18.067616
8879	17.506950
8880	16.443612
8881	17.369342
8883	17.987567
8884	17.710007
8885	17.682509
8886	15.551879
8887	16.297285
8888	16.399658
8889	15.732949
8890	15.785195
8891	17.890560
8894	16.249801
8895	15.633469
8896	15.865559
8897	16.141005
8898	17.137886
8900	15.360240
8901	14.782390
8902	16.219120
8903	17.476181
8904	15.831321
8905	15.621464
8906	16.538986
8907	16.606169
8909	16.195228
8910	16.651504
8911	16.150467
8914	15.746650
8917	16.889555
8918	15.586212
8920	16.460495
8922	16.841605
8923	16.382567
8924	17.296569
8925	17.686712
8926	16.310824
8927	16.742864
8928	16.519623
8929	16.144875
8930	16.158509
8932	17.326051
8933	16.107707
8935	16.944397
8936	15.490466
8937	17.173325
8938	16.905531
8939	15.943629
8940	15.916490
8941	15.348764
8942	17.176864
8943	17.130833
8944	17.572520
8945	15.960772
8946	17.728968
8947	16.990594
8948	17.948711
8949	17.054315
8950	16.351056
8951	16.615416
8952	16.718580
8953	15.950728
8954	16.341777
8955	17.149059
8956	16.939151
8957	16.146040
8958	16.437050
8959	16.421319
8961	18.273764
8962	15.189361
8963	15.028053
8964	15.192438
8965	14.976538
8966	15.512962
8967	15.634229
8968	15.533310
8969	16.534998
8970	15.554788
8971	16.157990
8975	15.227395
8976	16.343430
8977	15.897690
8978	17.087527
8979	16.413174
8980	15.229973
8981	15.856237
8983	15.728766
8984	15.287922
8985	15.716132
8986	17.420253
8990	14.910537
8991	15.904994
8992	16.480497
8993	16.507703
8994	17.227518
9138	15.048657
9140	17.798520
9141	17.254602
9142	14.901649
9143	15.734266
9144	16.949790
9145	16.153349
9149	16.770395
9151	16.976647
9152	16.693872
9154	16.256051
9155	18.556702
9156	14.887845
9158	16.591696
9159	14.626060
9161	15.492667
9164	15.273912
9165	14.459225
9167	14.181715
9169	14.271670
9170	13.312034
9172	18.763289
9174	19.165246
9176	18.789145
9178	20.311442
9180	19.597596
9182	18.468358
9183	18.364349
9185	18.376347
9188	18.406414
9189	17.521318
9191	19.414126
9191	18.986541
9193	18.170806
9196	21.613833
9197	19.408263
9198	17.927573
9202	20.983913
9203	19.093686
9205	19.055684
9205	20.683000
9207	18.203883
9208	19.136722
9210	19.320767
9211	18.507094
9213	19.659240
9214	19.532946
9216	18.215673
9217	17.117426
9221	21.158549
9222	21.358394
9235	23.402152
9236	20.717279
9237	18.906768
9238	18.910741
9240	19.165246
9241	17.367811
9243	18.835544
9250	19.529554
9252	20.776582
9253	21.153575
9256	22.286053
9256	20.393366
9257	20.311442
9258	21.195422
9260	19.983126
9261	20.414643
9265	20.095564
9266	19.805465
9267	20.650726
9268	19.306677
9269	18.807992
9270	20.252024
9272	19.809826
9273	19.914149
9274	19.616390
9276	20.332551
9277	18.268177
9279	19.239814
9281	19.875447
9282	18.588897
9285	19.992891
9286	20.249290
9287	20.663055
9288	21.382751
9289	19.878081
9290	22.211255
9292	22.689457
9294	20.545131
9296	20.411865
9299	19.065372
9300	19.096117
9301	18.704019
9303	17.975553
9304	20.016013
9306	20.021356
9307	19.193858
9308	18.059234
9309	19.549917
9310	19.845646
9311	18.189167
9316	14.506303
9317	15.856237
9322	13.495277
9323	13.967348
9325	13.483550
9325	14.326192
9327	15.175529
9328	15.889831
9329	15.755199
9330	15.655986
9331	16.403003
9332	15.600084
9334	15.699136
9336	16.659879
9337	14.179034
9338	15.641293
9341	16.446166
9342	12.923979
9344	13.096624
9348	13.597221
9350	15.705162
9353	16.667283
9359	16.775395
9361	16.349367
9362	16.722408
9367	15.447462
9374	15.333242
9376	15.470828
9377	14.953146
9381	14.271670
9384	14.159403
9386	12.764148
9389	13.254006
9391	13.184109
9393	14.180821
9394	15.423636
9395	14.637478
9400	14.201408
9402	15.209897
9404	13.138686
9405	16.391055
9440	12.230920
9441	12.269604
9442	12.695726
9444	15.046645
9445	12.572993
9447	12.409343
9448	12.322690
9457	14.967570
9458	11.515136
9461	12.759803
9464	12.013455
9465	13.111888
9467	12.529584
9468	12.330119
9471	12.688924
9472	12.731285
9474	12.331132
9475	12.852736
9476	12.689282
9477	13.716584
9478	13.400834
9482	11.941724
9483	11.542310
9487	11.772092
9489	12.047547
9491	13.098530
9492	11.738008
9493	12.151980
9496	12.725525
9497	12.328429
9499	13.454925
9501	13.325436
9502	13.213531
9503	12.654313
9504	13.252054
9505	12.123498
9506	13.016690
9507	13.891033
9509	12.440561
9511	12.805554
9512	13.068479
9513	13.142524
9517	13.207713
9523	12.308535
9524	13.621504
9525	12.882909
9531	13.804952
9533	13.847432
9534	13.810460
9536	12.425447
9537	12.244565
9538	14.391710
9539	13.824036
9540	12.853470
9541	13.873474
9543	12.952623
9545	12.689640
9546	12.978399
9547	12.635835
9548	12.954487
9548	13.564840
9550	13.546464
9552	13.155971
9553	12.954859
9554	13.214695
9557	13.279428
9559	13.642152
9561	13.783809
9566	12.693219
9567	12.839534
9569	13.538720
9571	13.030260
9573	12.923607
9579	13.749274
9581	13.009165
9582	12.595516
9582	12.451233
9584	13.370572
9585	12.642936
9586	13.318337
9588	12.489245
9589	13.040077
9590	12.957097
9592	12.989262
9593	12.992263
9594	12.758357
9599	12.048193
9601	13.397642
9602	12.821974
9602	13.181019
9603	12.734168
9604	13.538721
9605	13.328989
9606	12.692503
9612	13.508646
9612	13.632233
9613	11.850838
9615	13.137919
9616	12.802641
9618	12.694294
9619	13.787187
9620	13.710734
9621	13.157895
9622	13.421218
9623	12.467446
9625	13.333333
9628	12.551601
9631	12.681415
9632	13.646288
9633	13.263382
9634	13.762731
9636	13.612438
9637	12.841366
9639	12.694651
9640	13.977327
9641	14.094654
9642	13.377115
9643	12.879861
9644	14.245093
9646	14.310380
9647	11.841575
9648	12.961436
9649	13.604960
9651	12.384065
9652	12.741618
9653	13.465971
9654	12.405834
9655	13.339381
9656	12.808825
9657	13.173621
9658	13.673004
9659	13.658714
9660	12.573548
9662	13.382233
9663	12.649697
9664	13.613382
9666	14.335838
9667	13.276686
9668	12.722615
9669	12.489559
9670	13.012452
9672	13.665816
9673	12.693299
9674	14.228489
9675	13.310626
9676	12.918160
9677	12.588018
9678	12.571209
9679	12.638401
9680	12.400478
9681	13.883947
9682	12.957824
9683	13.231172
9684	11.651962
9685	12.843825
9686	12.711167
9688	12.778908
9689	12.819454
9690	12.723948
9691	11.744207
9692	12.618249
9695	12.010537
9696	12.658031
9697	11.816220
9698	11.992040
9702	11.610054
9704	12.096395
9706	12.273437
9708	12.757995
9709	12.003371
9711	12.423556
9714	12.600183
9717	11.960975
9717	11.916578
9718	12.116422
9720	11.534111
9721	12.181571
9723	11.971799
9725	12.179244
9726	12.429882
9729	12.383055
9732	12.719264
9736	11.805491
9737	11.993290
9738	11.085599
9741	11.622409
9743	11.326148
9744	11.736229
9745	12.491488
9748	11.661299
9751	11.871884
9753	10.831737
9754	11.510089
9755	12.611261
9758	12.392118
9759	11.001042
9760	11.991857
9760	12.051631
9761	12.936206
9762	11.819876
9763	11.666926
9773	11.541901
9773	11.927786
9776	11.264408
9779	11.706572
9780	12.334458
9781	12.612746
9783	11.900538
9786	11.957976
9788	11.668186
9790	11.490168
9795	11.953793
9796	11.447134
9798	11.330369
9801	11.141979
9802	12.195810
9805	11.868548
9809	12.098105
9812	11.289260
9817	12.495324
9819	12.486806
9821	11.348917
9822	11.824247
